UNIQUE_EVENT,n_JUV,n_AD,n_TOTAL
HS200016-CA01,1,1,2
HS200016-CA02,0,0,0
HS200016-CA03,0,0,0
HS200016-CA04,0,0,0
HS200016-CA05,2,1,3
HS200016-CA06,0,0,0
HS200016-CA07,0,0,0
HS200016-CA08,0,0,0
HS200016-E01,6,6,12
HS200016-E02,13,5,18
HS200016-E03,23,1,24
HS200016-E04,10,0,10
HS200016-E05,1,0,1
HS200016-FI01,2,1,3
HS200016-FI02,0,0,0
HS200016-FI03,0,0,0
HS200016-FI04,0,0,0
HS200016-SS01,0,2,2
HS200016-SS02,0,3,3
HS200016-SS03,0,7,7
HS200016-SS04,0,1,1
HS200016-SS05,1,1,2
HS200016-SS06,1,0,1
HS200016-SS07,0,2,2
HS200016-SS08,0,68,68
HS200016-SS09,0,2,2
HS200016-T03,0,0,0
HS200016-T04,0,0,0
HS200016-T05,0,0,0
HS200016-T06,2,0,2
HS200016-T07,0,0,0
HS200016-T08,2,0,2
HS200016-T09,1,0,1
HS200016-T10,0,0,0
HS200016-X01,4,0,4
HS200016-X02,3,0,3
HS200016-X03,0,0,0
HS200016-X04,0,0,0
HS200016-X05,0,1,1
HS200016-X06,0,1,1
HS200016-X07,0,2,2
HS200016-X08,1,0,1
HS200016-X09,0,1,1
HS200034-B01,0,0,0
HS200034-B02,0,0,0
HS200034-B03,0,0,0
HS200034-B04,0,0,0
HS200034-B05,0,0,0
HS200034-B06,0,0,0
HS200034-B07,0,0,0
HS200034-EP01,4,0,4
HS200034-EP02,0,0,0
HS200034-EP03,0,0,0
HS200034-EP04,0,0,0
HS200034-EP05,0,0,0
HS200034-EP06,0,0,0
HS200034-EP08,0,0,0
HS200034-EP09,0,0,0
HS200034-EP10,0,0,0
HS200034-EP11,0,0,0
HS200034-EP12,0,0,0
HS200034-FI01,2,0,2
HS200034-FI02,0,0,0
HS200034-FI03,0,0,0
HS200034-FI04,0,0,0
HS200034-FI06,0,0,0
HS200034-FI08,0,0,0
HS200034-FI09,0,0,0
HS200034-FI10,0,0,0
HS200034-FI11,0,0,0
HS200034-FI12,0,0,0
HS200034-FI13,0,0,0
HS200034-FI14,0,0,0
HS200034-FI15,0,0,0
HS200034-H01,0,0,0
HS200034-H02,0,0,0
HS200034-H03,0,0,0
HS200034-H04,0,0,0
HS200034-H05,0,0,0
HS200034-H06,0,0,0
HS200034-K01,8,0,8
HS200034-K02,0,1,1
HS200034-K03,0,0,0
HS200034-K04,0,0,0
HS200034-K05,0,0,0
HS200034-K06,0,0,0
HS200034-LP01,5,1,6
HS200034-LP02,0,0,0
HS200034-LP03,0,1,1
HS200034-NI01,0,0,0
HS200034-NI02,0,0,0
HS200034-NI03,0,0,0
HS200034-NI04,0,0,0
HS200034-NI05,0,0,0
HS200034-NI06,0,0,0
HS200034-NI07,0,0,0
HS200034-NI08,0,0,0
HS200034-NI09,0,0,0
HS200034-NI10,0,0,0
HS200034-NI11,0,0,0
HS200034-RI01,9,0,9
HS200034-T01,0,0,0
HS200034-T02,0,0,0
HS200034-T03,0,0,0
HS200034-T04,0,0,0
HS200034-T05,0,0,0
HS200034-T06,0,0,0
HS200034-T07,0,0,0
HS200034-T08,0,0,0
HS200034-T09,0,0,0
HS200034-T11,0,0,0
HS200034-T12,0,0,0
HS200034-T13,0,0,0
HS200034-T14,0,0,0
HS200034-T15,0,0,0
HS200034-X01,0,0,0
HS200034-X02,0,0,0
HS200034-X03,0,0,0
HS200034-X04,0,0,0
HS200034-X05,0,0,0
HS200034-X06,0,0,0
HS200034-X07,0,0,0
HS200034-X08,0,0,0
HS200034-X09,0,0,0
HS200034-X10,0,0,0
HS200034-X11,4,0,4
HS200034-X12,0,0,0
HS200034-X13,0,0,0
HS200034-X14,0,2,2
HS200034-X15,0,0,0
HS200034-X16,0,0,0
HS200034-X17,0,0,0
HS200034-X18,0,0,0
HS200034-X19,0,0,0
HS200034-X20,0,0,0
HS200034-X21,0,0,0
HS200034-X22,5,1,6
HS200034-X23,2,0,2
HS200034-X24,1,0,1
HS200034-X25,2,0,2
HS200034-X26,8,1,9
HS200034-X27,100,0,100
HS200034-X28,0,0,0
HS200034-X29,0,0,0
HS200034-X30,5,0,5
HS200034-X31,42,0,42
HS200034-X32,34,2,36
HS200034-X33,9,2,11
HS200034-X34,4,0,4
HS200034-X35,2,0,2
HS200034-X36,0,0,0
HS200034-X37,2,0,2
HS200034-X38,1,0,1
HS200034-X39,0,0,0
HS200034-X40,1,0,1
HS200034-X41,0,0,0
HS200034-X42,2,0,2
HS200034-X43,3,0,3
HS200034-X44,1,0,1
HS200034-X45,1,0,1
HS200034-X46,0,0,0
HS200034-X47,2,0,2
HS200034-X48,0,0,0
HS200034-X49,8,0,8
HS200034-X50,0,0,0
HS200034-X51,3,0,3
HS200034-X52,5,0,5
HS200034-X53,4,0,4
HS200034-X54,1,0,1
HS200034-X55,0,0,0
HS200109-X01,1,0,1
HS200109-X02,0,0,0
HS200109-X03,0,0,0
HS200109-X04,0,0,0
HS200109-X05,54,2,56
HS200109-X06,32,9,41
HS200109-X07,69,3,72
HS200109-X08,27,2,29
HS200109-X09,12,1,13
HS200109-X10,7,2,9
HS200109-X11,0,0,0
HS200109-X12,0,0,0
HS200109-X13,15,1,16
HS200109-X14,22,8,30
HS200109-X15,26,21,47
HS200109-X16,120,9,129
HS200109-X17,28,0,28
HS200109-X18,1,1,2
HS200109-X19,0,0,0
HS200109-X20,18,2,20
HS200109-X21,26,0,26
HS200109-X22,5,0,5
HS200109-X23,1,0,1
HS200109-X24,0,0,0
HS200109-X25,0,0,0
HS200109-X26,0,0,0
HS200109-X27,0,0,0
HS200109-X28,0,0,0
HS200109-X29,0,0,0
HS200109-X30,0,0,0
HS200109-X31,0,0,0
HS200109-X32,0,0,0
HS200109-X33,2,0,2
HS200109-X34,1,0,1
HS200109-X35,1,0,1
HS200109-X36,0,0,0
HS200109-X37,0,0,0
HS200109-X38,1,0,1
HS200109-X39,0,0,0
HS200109-X40,0,0,0
HS200109-X41,0,0,0
HS200109-X42,0,0,0
HS200109-X43,0,0,0
HS200109-X44,0,0,0
HS200109-X45,0,0,0
HS200109-X46,9,0,9
HS200109-X47,23,1,24
HS200109-X48,1,0,1
HS200109-X49,0,0,0
HS200109-X50,0,0,0
HS200109-X51,5,0,5
HS200109-X52,0,0,0
HS200109-X53,0,0,0
HS200109-X54,0,0,0
HS200109-X55,0,0,0
HS200109-X56,1,0,1
HS200109-X57,0,0,0
HS200109-X58,0,0,0
HS200109-X59,0,0,0
HS200109-X61,0,0,0
HS200109-X62,3,2,5
HS200109-X63,1,0,1
HS200109-X64,0,0,0
HS200109-X65,0,0,0
HS200109-X66,0,0,0
HS200109-X67,0,0,0
HS200109-X68,0,0,0
HS200109-X70,0,0,0
HS200109-X71,0,0,0
HS200109-X72,0,0,0
HS200109-X73,37,1,38
HS200109-X74,1,0,1
HS200109-X75,51,0,51
HS200109-X76,10,0,10
HS200109-X77,0,0,0
HS200109-X78,9,1,10
HS200109-X79,0,0,0
HS200109-X80,0,0,0
HS200109-X81,0,0,0
HS200109-X82,0,0,0
HS200109-X83,0,0,0
HS200109-X84,0,0,0
HS200109-X85,0,0,0
HS200109-X86,0,0,0
HS200109-X87,0,0,0
HS200109-X88,0,0,0
HS200109-X92,0,0,0
HS200109-X93,0,0,0
HS200109-X94,0,0,0
HS200109-X95,0,0,0
HS200109-X96,0,0,0
HS200109-X97,0,0,0
HS200114-DE01,0,1,1
HS200114-DE02,0,0,0
HS200114-DE03,0,1,1
HS200114-DE04,0,0,0
HS200114-DE05,0,3,3
HS200114-DE06,0,0,0
HS200114-EP01,1,7,8
HS200114-EP02,0,2,2
HS200114-EP03,1,1,2
HS200114-EP04,0,0,0
HS200114-EP05,0,0,0
HS200114-EP06,0,0,0
HS200114-EP07,0,0,0
HS200114-EP08,0,0,0
HS200114-FI01,5,3,8
HS200114-FI02,4,7,11
HS200114-FI03,0,0,0
HS200114-FI04,0,1,1
HS200114-FI05,0,0,0
HS200114-FI06,0,2,2
HS200114-FI07,0,0,0
HS200114-FI08,0,0,0
HS200114-FI09,0,2,2
HS200114-FI10,0,0,0
HS200114-FI11,0,0,0
HS200114-FI12,0,0,0
HS200114-FI13,0,0,0
HS200114-FI14,0,0,0
HS200114-FI15,0,0,0
HS200114-H01,0,0,0
HS200114-H02,2,0,2
HS200114-H03,0,0,0
HS200114-H04,0,0,0
HS200114-H05,0,0,0
HS200114-H06,0,0,0
HS200114-HS01,1,3,4
HS200114-HS02,1,0,1
HS200114-RI01,0,0,0
HS200114-RI02,0,0,0
HS200114-RI03,0,2,2
HS200114-RI04,0,0,0
HS200114-RI05,0,0,0
HS200114-SE01,2,0,2
HS200114-SE02,0,0,0
HS200114-SE03,1,0,1
HS200114-SE04,5,11,16
HS200114-SE05,4,5,9
HS200114-SM01,1,2,3
HS200114-SM02,0,1,1
HS200114-SM03,0,0,0
HS200114-T01,0,0,0
HS200114-T02,0,0,0
HS200114-T03,0,0,0
HS200114-T04,1,0,1
HS200114-T05,5,1,6
HS200114-T06,2,0,2
HS200114-T07,1,0,1
HS200114-T08,0,0,0
HS200114-T09,0,0,0
HS200114-T10,0,0,0
HS200114-T11,0,0,0
HS200114-T12,0,0,0
HS200114-T13,0,0,0
HS200114-T14,0,0,0
HS200114-VI01,1,0,1
HS200114-VI02,11,94,105
HS200114-VI03,15,19,34
HS200114-VI04,18,11,29
HS200114-VI05,0,14,14
HS200114-VI06,0,6,6
HS200118-015,1,5,6
HS200118-016,1,2,3
HS200118-017,0,4,4
HS200118-018,0,1,1
HS200118-019,0,3,3
HS200118-020,0,0,0
HS200118-021,0,0,0
HS200118-022,0,0,0
HS200118-023,0,0,0
HS200118-024,0,3,3
HS200118-025,0,0,0
HS200118-027,0,0,0
HS200118-028,0,1,1
HS200118-029,0,1,1
HS200118-030,0,0,0
HS200118-031,0,0,0
HS200118-032,0,1,1
HS200118-033,0,0,0
HS200118-034,0,0,0
HS200118-035,0,2,2
HS200118-036,0,1,1
HS200118-037,0,1,1
HS200118-038,0,2,2
HS200118-042,0,3,3
HS200118-044,0,2,2
HS200118-045,0,23,23
HS200118-048,0,7,7
HS200118-049,0,4,4
HS200118-050,0,1,1
HS200118-051,0,4,4
HS200118-054,0,17,17
HS200118-055,1,1,2
HS200118-057,0,0,0
HS200118-058,0,1,1
HS200118-059,0,0,0
HS200118-060,0,0,0
HS200118-061,0,0,0
HS200118-062,0,0,0
HS200118-063,0,0,0
HS200118-064,0,1,1
HS200118-065,0,0,0
HS200118-066,0,0,0
HS200118-067,0,0,0
HS200118-068,0,0,0
HS200118-069,2,0,2
HS200118-070,0,0,0
HS200118-071,0,0,0
HS200118-072,0,0,0
HS200118-073,0,0,0
HS200118-074,0,0,0
HS200118-075,3,0,3
HS200118-076,0,0,0
HS200118-077,0,0,0
HS200118-078,0,0,0
HS200118-079,0,0,0
HS200118-080,0,0,0
HS200118-081,0,0,0
HS200118-082,0,0,0
HS200118-083,0,0,0
HS200118-085,0,0,0
HS200118-086,0,0,0
HS200118-087,0,0,0
HS200118-088,0,0,0
HS200118-089,0,0,0
HS200118-091,0,0,0
HS200118-092,0,0,0
HS200118-093,0,0,0
HS200118-094,0,0,0
HS200118-095,0,0,0
HS200118-096,0,0,0
HS200118-097,0,0,0
HS200118-099,0,0,0
HS200118-100,0,0,0
HS200118-101,0,0,0
HS200118-102,0,0,0
HS200118-103,0,0,0
HS200118-104,0,0,0
HS200118-105,0,0,0
HS200118-106,0,0,0
HS200118-107,0,0,0
HS200118-108,0,0,0
HS200136-B01,0,0,0
HS200136-B02,0,0,0
HS200136-B03,0,0,0
HS200136-B04,0,0,0
HS200136-B05,0,0,0
HS200136-B06,0,0,0
HS200136-B07,0,0,0
HS200136-B08,0,0,0
HS200136-B09,0,0,0
HS200136-B10,0,0,0
HS200136-B11,0,0,0
HS200136-BUR01,1,0,1
HS200136-BUR02,1,0,1
HS200136-DE01,0,0,0
HS200136-DE02,0,0,0
HS200136-DE03,0,0,0
HS200136-DE04,0,0,0
HS200136-DE05,0,0,0
HS200136-DE06,0,0,0
HS200136-EP02,0,0,0
HS200136-EP03,0,0,0
HS200136-EP04,0,0,0
HS200136-EP05,0,0,0
HS200136-H01,0,0,0
HS200136-H02,0,0,0
HS200136-H03,0,0,0
HS200136-H04,0,0,0
HS200136-H05,1,0,1
HS200136-H07,0,0,0
HS200136-HS01,1,0,1
HS200136-HS02,0,0,0
HS200136-HS03,0,0,0
HS200136-HS04,0,0,0
HS200136-HS05,1,0,1
HS200136-HS06,0,0,0
HS200136-HS07,0,0,0
HS200136-IBC01,0,0,0
HS200136-IBC02,5,0,5
HS200136-IBC03,7,0,7
HS200136-IBC04,0,0,0
HS200136-IBC05,6,0,6
HS200136-IBC06,6,2,8
HS200136-IBC07,12,1,13
HS200136-IBC08,0,0,0
HS200136-IBC09,1,1,2
HS200136-IBC10,0,0,0
HS200136-IBC11,0,0,0
HS200136-IBC12,0,0,0
HS200136-IBC13,0,0,0
HS200136-IBC14,4,0,4
HS200136-IBC15,0,0,0
HS200136-IBC16,0,0,0
HS200136-IBC17,0,0,0
HS200136-IBC18,1,0,1
HS200136-IBC19,1,0,1
HS200136-IBC20,0,0,0
HS200136-IBC21,6,1,7
HS200136-IBC22,7,0,7
HS200136-IBC23,2,0,2
HS200136-IBC24,1,0,1
HS200136-IBC25,1,0,1
HS200136-IBC26,3,0,3
HS200136-IBC27,0,0,0
HS200136-IBC28,0,0,0
HS200136-ISEA01,2,2,4
HS200136-ISEA02,0,0,0
HS200136-ISEA03,0,0,0
HS200136-ISEA04,0,0,0
HS200136-ISEA05,0,0,0
HS200136-ISEA06,1,0,1
HS200136-ISEA07,10,1,11
HS200136-ISEA08,1,2,3
HS200136-ISEA09,0,0,0
HS200136-ISEA10,0,0,0
HS200136-ISEA11,16,1,17
HS200136-ISEA12,42,0,42
HS200136-ISEA13,12,1,13
HS200136-ISEA14,7,0,7
HS200136-ISEA15,9,1,10
HS200136-ISEA16,0,3,3
HS200136-ISEA17,0,0,0
HS200136-ISEA18,0,0,0
HS200136-ISEA19,0,0,0
HS200136-ISEA20,0,0,0
HS200136-ISEA21,0,0,0
HS200136-ISEA22,12,2,14
HS200136-ISEA23,2,0,2
HS200136-ISEA24,6,0,6
HS200136-ISEA25,1,0,1
HS200136-ISEA26,60,0,60
HS200136-ISEA27,3,0,3
HS200136-ISEA28,2,0,2
HS200136-ISEA29,11,0,11
HS200136-ISEA30,0,0,0
HS200136-ISEA31,0,0,0
HS200136-ISEA32,0,0,0
HS200136-ISEA33,1,0,1
HS200136-ISEA34,0,0,0
HS200136-ISEA35,1,0,1
HS200136-ISEA36,39,1,40
HS200136-ISEA37,0,0,0
HS200136-ISEA38,0,0,0
HS200136-ISEA39,0,0,0
HS200136-ISEA40,0,0,0
HS200136-ISEA41,0,0,0
HS200136-ISEA42,0,0,0
HS200136-ISEA43,1,0,1
HS200136-ISEA44,0,0,0
HS200136-LP01,16,0,16
HS200136-LP02,0,0,0
HS200136-LP03,0,0,0
HS200136-QCST01,11,0,11
HS200136-QCST02,2,0,2
HS200136-QCST03,0,0,0
HS200136-QCST04,1,0,1
HS200136-RI01,0,0,0
HS200136-RI02,1,1,2
HS200136-RI03,2,0,2
HS200136-RI04,5,0,5
HS200136-RI05,2,0,2
HS200136-SEA01,0,0,0
HS200136-SEA02,0,0,0
HS200136-SEA03,0,0,0
HS200136-SEA04,0,2,2
HS200136-VI01,17,0,17
HS200136-VI02,9,0,9
HS200136-VI03,3,0,3
HS200136-VI04,8,0,8
HS200136-VI05,2,1,3
HS200136-VI06,27,0,27
HS200136-VI07,4,0,4
HS200136-VI08,1,0,1
HS200136-VI09,2,0,2
HS200136-VI11,32,0,32
HS200136-VI12,0,0,0
HS200136-VI13,3,0,3
HS200136-VI14,1,0,1
HS200136-VI15,0,0,0
HS200136-VI16,5,1,6
HS200136-VI17,12,0,12
HS200136-VI18,1,0,1
HS200136-VI19,0,0,0
HS200136-VI20,0,0,0
HS200136-VI21,0,0,0
HS200136-VI22,0,0,0
HS200205-B01,0,0,0
HS200205-B02,0,0,0
HS200205-B03,0,0,0
HS200205-B04,0,0,0
HS200205-B05,0,0,0
HS200205-B06,0,0,0
HS200205-B07,0,0,0
HS200205-B08,0,0,0
HS200205-B09,0,0,0
HS200205-DE01,2,1,3
HS200205-DE02,0,0,0
HS200205-DE03,0,0,0
HS200205-DE04,0,0,0
HS200205-EP01,14,0,14
HS200205-EP02,3,0,3
HS200205-EP03,1,0,1
HS200205-EP04,0,0,0
HS200205-EP05,0,0,0
HS200205-EP06,11,2,13
HS200205-EP07,0,0,0
HS200205-EP08,2,0,2
HS200205-EP09,0,0,0
HS200205-EP10,0,0,0
HS200205-EP11,0,0,0
HS200205-EP12,0,0,0
HS200205-H01,0,0,0
HS200205-H02,0,0,0
HS200205-H03,0,0,0
HS200205-H04,0,0,0
HS200205-H05,0,0,0
HS200205-HS01,0,0,0
HS200205-HS02,0,0,0
HS200205-HS03,0,0,0
HS200205-HS04,0,0,0
HS200205-IBC01,0,0,0
HS200205-ISEA01,5,0,5
HS200205-ISEA02,0,0,0
HS200205-ISEA03,0,0,0
HS200205-ISEA04,0,0,0
HS200205-ISEA05,0,0,0
HS200205-ISEA06,0,0,0
HS200205-ISEA07,0,0,0
HS200205-ISEA08,1,0,1
HS200205-ISEA09,13,0,13
HS200205-ISEA10,1,1,2
HS200205-ISEA11,2,1,3
HS200205-ISEA12,0,0,0
HS200205-ISEA13,3,0,3
HS200205-ISEA14,39,0,39
HS200205-ISEA15,1,0,1
HS200205-ISEA16,0,0,0
HS200205-ISEA17,0,0,0
HS200205-ISEA18,0,0,0
HS200205-ISEA19,0,0,0
HS200205-IVI01,0,0,0
HS200205-IVI02,0,0,0
HS200205-IVI03,0,0,0
HS200205-IVI04,21,0,21
HS200205-IVI05,1,0,1
HS200205-IVI06,0,0,0
HS200205-IVI07,33,0,33
HS200205-IVI08,5,0,5
HS200205-IVI09,11,1,12
HS200205-JF01,4,0,4
HS200205-JF02,3,0,3
HS200205-JS01,0,0,0
HS200205-JS02,1,0,1
HS200205-JS03,0,0,0
HS200205-JS04,0,1,1
HS200205-JS05,1,0,1
HS200205-QCS01,0,0,0
HS200205-T01,0,0,0
HS200205-T02,0,0,0
HS200205-T03,0,0,0
HS200205-T04,0,0,0
HS200205-T05,0,0,0
HS200205-T06,0,0,0
HS200205-T07,0,0,0
HS200205-T08,0,0,0
HS200205-T09,0,0,0
HS200205-T10,2,1,3
HS200205-T11,0,0,0
HS200205-T12,0,0,0
HS200205-VI01,3,1,4
HS200205-VI02,8,0,8
HS200205-VI03,73,1,74
HS200205-VI04,0,0,0
HS200205-VI05,3,0,3
HS200205-VI06,2,0,2
HS200205-VI07,0,0,0
HS200205-VI08,0,0,0
HS200215-H06,0,0,0
HS200215-H07,0,0,0
HS200215-HS01,0,0,0
HS200215-HS02,0,0,0
HS200215-IBC01,1,1,2
HS200215-IBC02,0,1,1
HS200215-IBC03,0,0,0
HS200215-IBC04,0,1,1
HS200215-IBC05,0,0,0
HS200215-IBC06,0,0,0
HS200215-IBC07,0,0,0
HS200215-IBC08,0,0,0
HS200215-D05,0,0,0
HS200215-D06,0,0,0
HS200215-D07,0,0,0
HS200215-D08,0,0,0
HS200215-D09,0,1,1
HS200215-D10,0,0,0
HS200215-D11,0,0,0
HS200215-D12,0,0,0
HS200215-D13,0,0,0
HS200215-DE01,1,3,4
HS200215-DE02,3,0,3
HS200215-DE03,0,0,0
HS200215-DE04,0,0,0
HS200215-DE05,0,0,0
HS200215-DE06,0,0,0
HS200215-DE07,0,0,0
HS200215-EP01,12,4,16
HS200215-EP02,4,0,4
HS200215-EP03,3,0,3
HS200215-EP04,9,1,10
HS200215-EP05,0,0,0
HS200215-EP06,0,1,1
HS200215-EP07,0,0,0
HS200215-EP08,0,0,0
HS200215-EP09,0,0,0
HS200215-EP10,0,0,0
HS200215-EP11,0,0,0
HS200215-H01,0,0,0
HS200215-H02,1,0,1
HS200215-H03,0,0,0
HS200215-H04,0,0,0
HS200215-H05,0,0,0
HS200215-IBC09,0,0,0
HS200215-IBC10,0,0,0
HS200215-JF01,6,3,9
HS200215-JF02,0,1,1
HS200215-JF03,2,1,3
HS200215-QCS01,0,0,0
HS200215-RI01,0,1,1
HS200215-RI02,0,0,0
HS200215-RI03,0,0,0
HS200215-T01,0,0,0
HS200215-T02,0,0,0
HS200215-T03,0,0,0
HS200215-T04,0,0,0
HS200215-T05,0,0,0
HS200215-T06,0,0,0
HS200215-T07,0,0,0
HS200215-T08,0,0,0
HS200215-T09,0,0,0
HS200215-T10,0,0,0
HS200215-T11,0,0,0
HS200215-T12,0,0,0
HS200215-T13,0,0,0
HS200215-VI01,7,65,72
HS200235-DE02,0,2,2
HS200235-DE03,0,0,0
HS200235-DE04,0,0,0
HS200235-DE05,2,0,2
HS200235-EP01,3,4,7
HS200235-EP02,0,10,10
HS200235-EP03,1,3,4
HS200235-EP04,2,0,2
HS200235-EP05,0,2,2
HS200235-EP06,1,0,1
HS200235-EP07,0,0,0
HS200235-EP08,0,0,0
HS200235-EP09,0,0,0
HS200235-EP10,0,0,0
HS200235-EP11,0,0,0
HS200235-FI01,3,1,4
HS200235-FI02,2,0,2
HS200235-FI03,0,0,0
HS200235-FI04,0,0,0
HS200235-FI05,0,0,0
HS200235-FI06,0,0,0
HS200235-FI07,0,0,0
HS200235-FI08,0,0,0
HS200235-FI09,0,0,0
HS200235-FI10,0,0,0
HS200235-FI11,0,0,0
HS200235-FI12,0,0,0
HS200235-FI13,0,0,0
HS200235-H04,0,0,0
HS200235-H05,0,0,0
HS200235-H06,0,0,0
HS200235-H07,0,0,0
HS200235-H08,0,0,0
HS200235-HS01,0,0,0
HS200235-HS02,0,0,0
HS200235-HS03,0,0,0
HS200235-ISEA01,0,1,1
HS200235-ISEA02,3,3,6
HS200235-ISEA03,7,0,7
HS200235-ISEA04,2,0,2
HS200235-ISEA05,0,0,0
HS200235-ISEA06,1,0,1
HS200235-ISEA07,2,1,3
HS200235-T01,0,0,0
HS200235-T02,0,0,0
HS200235-T03,0,0,0
HS200235-T04,0,0,0
HS200235-T05,1,0,1
HS200235-T06,0,0,0
HS200235-T07,0,0,0
HS200235-T08,0,0,0
HS200235-T09,0,0,0
HS200235-T10,0,0,0
HS200235-T11,0,0,0
HS200235-T12,0,0,0
HS200235-T13,0,0,0
HS200235-VI01,2,5,7
HS200235-VI02,3,4,7
HS200235-VI03,0,0,0
HS200235-VI04,1,1,2
HS200235-VI05,0,0,0
HS200235-VI06,0,0,0
HS200235-VI07,1,1,2
HS200238-DE01,7,0,7
HS200238-DE03,0,0,0
HS200238-DE04,0,0,0
HS200238-DE05,0,0,0
HS200238-EP01,6,4,10
HS200238-EP02,0,0,0
HS200238-EP03,0,0,0
HS200238-EP04,0,0,0
HS200238-EP05,0,0,0
HS200238-EP06,0,0,0
HS200238-EP07,0,0,0
HS200238-EP08,0,0,0
HS200238-EP09,0,0,0
HS200238-EP10,0,0,0
HS200238-EP11,0,0,0
HS200238-EP12,0,0,0
HS200238-FI01,0,0,0
HS200238-FI02,0,0,0
HS200238-FI03,0,0,0
HS200238-FI04,0,0,0
HS200238-FI05,0,0,0
HS200238-FI07,0,0,0
HS200238-FI08,0,0,0
HS200238-FI09,0,0,0
HS200238-FI10,0,0,0
HS200238-FI11,0,0,0
HS200238-FI12,0,0,0
HS200238-FI13,0,0,0
HS200238-H01,0,0,0
HS200238-H02,0,0,0
HS200238-H03,0,0,0
HS200238-H04,0,0,0
HS200238-H05,0,0,0
HS200238-H06,0,0,0
HS200238-ISEA01,4,0,4
HS200238-ISEA02,9,0,9
HS200238-ISEA03,0,0,0
HS200238-ISEA04,3,1,4
HS200238-ISEA05,4,0,4
HS200238-ISEA06,8,1,9
HS200238-ISEA07,0,2,2
HS200238-ISEA08,0,0,0
HS200238-ISEA09,0,0,0
HS200238-ISEA10,0,0,0
HS200238-ISEA11,0,0,0
HS200238-ISEA12,2,0,2
HS200238-ISEA13,0,0,0
HS200238-ISEA14,2,0,2
HS200238-ISEA15,0,0,0
HS200238-ISEA16,0,0,0
HS200238-ISEA17,0,0,0
HS200238-ISEA18,0,0,0
HS200238-ISEA19,0,1,1
HS200238-ISEA20,0,0,0
HS200238-ISEA21,2,1,3
HS200238-ISEA22,4,0,4
HS200238-ISEA23,7,0,7
HS200238-ISEA24,18,0,18
HS200238-ISEA25,4,0,4
HS200238-ISEA26,18,0,18
HS200238-ISEA27,1,0,1
HS200238-ISEA28,16,0,16
HS200238-ISEA29,1,0,1
HS200238-ISEA30,1,0,1
HS200238-IVI01,24,0,24
HS200238-IVI02,10,0,10
HS200238-IVI03,28,0,28
HS200238-IVI04,3,0,3
HS200238-IVI05,8,0,8
HS200238-IVI06,57,0,57
HS200238-IVI07,20,0,20
HS200238-IVI08,47,0,47
HS200238-IVI09,12,0,12
HS200238-IVI10,14,0,14
HS200238-IVI11,14,1,15
HS200238-IVI12,0,0,0
HS200238-IVI13,4,0,4
HS200238-IVI14,3,0,3
HS200238-IVI15,7,0,7
HS200238-IVI16,0,0,0
HS200238-IVI17,44,0,44
HS200238-IVI18,14,0,14
HS200238-IVI19,3,0,3
HS200238-IVI20,1,0,1
HS200238-IVI21,0,0,0
HS200238-QCST01,2,0,2
HS200238-QCST02,3,0,3
HS200238-QCST03,4,0,4
HS200238-SEA01,0,0,0
HS200238-SEA02,0,0,0
HS200238-SEA03,0,0,0
HS200238-SEA04,0,0,0
HS200238-SEA05,0,0,0
HS200238-SEA06,0,0,0
HS200238-SEA07,0,0,0
HS200238-SEA08,0,0,0
HS200238-SEA09,0,0,0
HS200238-SEA10,0,0,0
HS200238-SEA11,0,0,0
HS200238-T01,1,0,1
HS200238-T02,1,0,1
HS200238-T03,0,0,0
HS200238-T04,0,0,0
HS200238-T05,0,0,0
HS200238-T06,0,0,0
HS200238-T07,0,0,0
HS200238-T08,0,0,0
HS200238-T09,0,0,0
HS200238-T10,0,0,0
HS200238-T11,0,0,0
HS200238-T12,0,0,0
HS200238-T13,0,0,0
HS200238-VI01,14,0,14
HS200238-VI02,0,0,0
HS200238-VI03,1,0,1
HS200238-VI04,0,0,0
HS200238-VI05,3,0,3
HS200238-VI06,1,0,1
HS200238-VI07,0,0,0
HS200238-VI08,0,0,0
HS200238-VI09,0,0,0
HS200304-DE01,2,0,2
HS200304-DE02,0,0,0
HS200304-DE03,0,0,0
HS200304-DE05,0,0,0
HS200304-DE06,0,0,0
HS200304-DE07,0,0,0
HS200304-EP01,8,0,8
HS200304-EP02,0,0,0
HS200304-EP03,0,0,0
HS200304-EP04,0,0,0
HS200304-EP05,0,0,0
HS200304-EP06,0,0,0
HS200304-EP07,0,0,0
HS200304-EP08,0,0,0
HS200304-EP09,0,0,0
HS200304-EP10,0,0,0
HS200304-EP11,0,0,0
HS200304-EP12,0,0,0
HS200304-FI01,0,0,0
HS200304-FI02,0,0,0
HS200304-FI03,0,0,0
HS200304-FI04,0,0,0
HS200304-FI06,0,0,0
HS200304-FI07,0,0,0
HS200304-FI08,0,0,0
HS200304-FI09,0,0,0
HS200304-FI10,0,0,0
HS200304-FI11,0,0,0
HS200304-FI12,0,0,0
HS200304-FI13,0,0,0
HS200304-HS01,0,0,0
HS200304-HS02,0,0,0
HS200304-HS03,0,0,0
HS200304-HS04,0,0,0
HS200304-HS05,0,0,0
HS200304-HS06,0,0,0
HS200304-HS07,0,0,0
HS200304-ISEA01,0,0,0
HS200304-ISEA02,0,0,0
HS200304-ISEA03,0,0,0
HS200304-IVI01,0,0,0
HS200304-IVI03,0,0,0
HS200304-IVI04,23,2,25
HS200304-IVI05,0,0,0
HS200304-IVI06,0,0,0
HS200304-IVI07,3,0,3
HS200304-IVI08,6,0,6
HS200304-IVI09,0,0,0
HS200304-IVI10,2,0,2
HS200304-IVI11,0,0,0
HS200304-IVI12,0,0,0
HS200304-IVI13,68,0,68
HS200304-IVI14,16,0,16
HS200304-IVI15,18,0,18
HS200304-IVI16,5,0,5
HS200304-T01,0,0,0
HS200304-T02,0,1,1
HS200304-T03,0,0,0
HS200304-T04,0,0,0
HS200304-T05,0,0,0
HS200304-T06,0,0,0
HS200304-T07,0,0,0
HS200304-T08,0,0,0
HS200304-T09,0,0,0
HS200304-T10,0,0,0
HS200304-T11,0,0,0
HS200304-T12,0,0,0
HS200304-VI01,1,0,1
HS200304-VI02,2,0,2
HS200304-VI03,1,0,1
HS200304-VI04,0,0,0
HS200304-VI05,0,0,0
HS200313-EP02,4,2,6
HS200313-EP03,13,6,19
HS200313-EP04,2,6,8
HS200313-EP05,3,16,19
HS200313-EP06,3,22,25
HS200313-EP07,0,8,8
HS200313-EP08,0,3,3
HS200313-EP09,0,2,2
HS200313-EP10,0,0,0
HS200313-EP11,0,0,0
HS200313-EP12,0,0,0
HS200313-IVI01,0,1,1
HS200313-IVI02,0,2,2
HS200313-IVI03,1,2,3
HS200313-IVI04,2,3,5
HS200313-VI01,0,0,0
HS200313-VI02,1,0,1
HS200313-VI03,2,0,2
HS200313-VI04,11,12,23
HS200313-VI05,0,2,2
HS200316-109-1,7,0,7
HS200316-109-2,21,0,21
HS200316-109-3,6,0,6
HS200316-109-4,0,0,0
HS200316-109-8,0,0,0
HS200336-DE01,0,0,0
HS200336-DE02,0,0,0
HS200336-DE03,0,0,0
HS200336-DE04,0,0,0
HS200336-DE05,0,0,0
HS200336-DE06,0,0,0
HS200336-DE07,0,0,0
HS200336-DE08,0,0,0
HS200336-FI01,1,0,1
HS200336-FI02,0,0,0
HS200336-FI03,0,0,0
HS200336-FI05,0,0,0
HS200336-FI06,0,0,0
HS200336-FI07,0,0,0
HS200336-HS01,0,0,0
HS200336-HS02,0,0,0
HS200336-HS03,0,0,0
HS200336-IBC01,0,0,0
HS200336-IBC02,5,0,5
HS200336-IBC03,109,10,119
HS200336-IBC04,0,0,0
HS200336-IBC05,0,0,0
HS200336-IBC06,0,0,0
HS200336-IBC07,1,0,1
HS200336-IBC08,2,0,2
HS200336-IBC09,1,2,3
HS200336-IBC10,0,0,0
HS200336-IBC11,3,0,3
HS200336-IBC12,0,0,0
HS200336-IBC13,0,0,0
HS200336-IBC14,0,3,3
HS200336-IBC15,1,1,2
HS200336-IBC16,0,0,0
HS200336-IBC17,0,0,0
HS200336-IBC18,0,0,0
HS200336-IBC19,0,0,0
HS200336-ISEA01,0,0,0
HS200336-ISEA02,0,0,0
HS200336-ISEA03,0,0,0
HS200336-ISEA04,3,0,3
HS200336-ISEA05,2,0,2
HS200336-ISEA06,2,0,2
HS200336-ISEA07,8,0,8
HS200336-ISEA08,6,0,6
HS200336-ISEA09,0,0,0
HS200336-ISEA10,2,0,2
HS200336-ISEA11,1,0,1
HS200336-ISEA12,2,0,2
HS200336-ISEA13,4,7,11
HS200336-ISEA14,0,2,2
HS200336-ISEA15,3,0,3
HS200336-ISEA16,0,0,0
HS200336-ISEA17,0,0,0
HS200336-ISEA18,0,0,0
HS200336-ISEA19,0,0,0
HS200336-ISEA20,0,0,0
HS200336-ISEA21,0,0,0
HS200336-ISEA22,0,0,0
HS200336-ISEA23,0,0,0
HS200336-ISEA24,0,0,0
HS200336-ISEA25,0,0,0
HS200336-IVI01,1,0,1
HS200336-IVI02,16,0,16
HS200336-IVI03,4,0,4
HS200336-IVI04,0,0,0
HS200336-IVI05,4,0,4
HS200336-IVI06,16,0,16
HS200336-IVI08,5,0,5
HS200336-IVI09,76,0,76
HS200336-IVI10,6,0,6
HS200336-IVI11,4,0,4
HS200336-IVI12,1,0,1
HS200336-IVI13,0,0,0
HS200336-IVI14,5,0,5
HS200336-IVI15,2,0,2
HS200336-IVI16,2,0,2
HS200336-IVI17,11,2,13
HS200336-IVI18,35,0,35
HS200336-IVI19,10,0,10
HS200336-IVI20,5,0,5
HS200336-T01,0,0,0
HS200336-T02,0,0,0
HS200336-T03,0,0,0
HS200336-T04,0,0,0
HS200336-T05,0,0,0
HS200336-T06,0,0,0
HS200336-T07,0,0,0
HS200336-VI01,20,3,23
HS200336-VI02,1,0,1
HS200336-VI04,1,0,1
HS200336-VI05,0,0,0
HS200336-VI06,0,1,1
HS200336-VI07,0,0,0
HS200403-DE01,3,0,3
HS200403-DE02,0,0,0
HS200403-DE03,0,0,0
HS200403-DE04,0,0,0
HS200403-DE05,0,0,0
HS200403-DE06,0,0,0
HS200403-EP01,15,0,15
HS200403-EP02,3,0,3
HS200403-EP03,1,0,1
HS200403-EP04,7,0,7
HS200403-EP05,1,0,1
HS200403-EP06,0,0,0
HS200403-FI01,0,0,0
HS200403-FI02,0,0,0
HS200403-FI03,0,0,0
HS200403-FI04,0,0,0
HS200403-ISEA01,0,1,1
HS200403-ISEA02,0,0,0
HS200403-ISEA03,0,0,0
HS200403-ISEA04,0,0,0
HS200403-ISEA05,0,0,0
HS200403-ISEA06,1,0,1
HS200403-ISEA07,29,0,29
HS200403-ISEA08,33,1,34
HS200403-ISEA09,25,1,26
HS200403-ISEA10,1,0,1
HS200403-ISEA11,0,1,1
HS200403-ISEA12,3,0,3
HS200403-ISEA13,0,0,0
HS200403-ISEA14,5,0,5
HS200403-ISEA15,0,0,0
HS200403-IVI01,1,1,2
HS200403-IVI02,0,0,0
HS200403-IVI03,0,0,0
HS200403-IVI04,3,0,3
HS200403-IVI05,0,0,0
HS200403-IVI06,0,0,0
HS200403-IVI07,0,0,0
HS200403-IVI08,1,0,1
HS200403-IVI09,0,0,0
HS200403-IVI10,2,0,2
HS200403-IVI11,39,0,39
HS200403-IVI12,3,0,3
HS200403-IVI13,0,0,0
HS200403-IVI14,13,1,14
HS200403-IVI15,11,0,11
HS200403-SEA01,0,1,1
HS200403-SEA02,0,0,0
HS200403-SEA03,0,1,1
HS200403-SEA04,0,0,0
HS200403-T01,0,0,0
HS200403-T02,0,0,0
HS200403-T03,0,0,0
HS200403-T04,0,0,0
HS200403-T05,0,0,0
HS200403-T06,0,0,0
HS200403-T07,0,0,0
HS200403-VI01,9,0,9
HS200403-VI02,2,0,2
HS200403-VI03,2,0,2
HS200403-VI04,3,0,3
HS200403-VI05,19,3,22
HS200403-VI06,3,0,3
HS200417-DE01,1,0,1
HS200417-DE02,0,1,1
HS200417-DE03,0,0,0
HS200417-DE04,0,2,2
HS200417-DE05,0,0,0
HS200417-DE06,0,1,1
HS200417-EP01,5,0,5
HS200417-EP02,5,6,11
HS200417-EP03,7,7,14
HS200417-EP04,0,3,3
HS200417-EP05,0,7,7
HS200417-EP06,0,0,0
HS200417-FI01,0,0,0
HS200417-FI02,1,0,1
HS200417-FI03,2,0,2
HS200417-FI04,1,0,1
HS200417-FI05,1,1,2
HS200417-FI06,1,0,1
HS200417-FI07,0,0,0
HS200417-H01,0,1,1
HS200417-H02,8,0,8
HS200417-H03,0,0,0
HS200417-H04,2,0,2
HS200417-H05,2,0,2
HS200417-IVI01,690,6,696
HS200417-IVI02,2476,5,2481
HS200417-IVI03,305,0,305
HS200417-IVI04,14,9,23
HS200417-IVI05,4,21,25
HS200417-IVI06,0,1,1
HS200417-IVI07,1,0,1
HS200417-IVI09,1,1,2
HS200417-IVI10,14,2,16
HS200417-T01,0,0,0
HS200417-T02,0,1,1
HS200417-T03,0,1,1
HS200417-T04,0,0,0
HS200417-T05,0,2,2
HS200417-T06,2,0,2
HS200417-T07,1,0,1
HS200417-VI01,3,36,39
HS200417-VI03,0,1,1
HS200417-VI04,0,0,0
HS200417-VI05,2,0,2
HS200432-DE01,23,3,26
HS200432-DE02,0,0,0
HS200432-DE03,0,0,0
HS200432-DE04,0,0,0
HS200432-DE05,0,0,0
HS200432-DE06,3,0,3
HS200432-FI01,0,0,0
HS200432-FI02,0,0,0
HS200432-FI03,0,0,0
HS200432-GS01,3,0,3
HS200432-GS02,1,0,1
HS200432-GS03,0,0,0
HS200432-GS04,2,0,2
HS200432-GS05,0,0,0
HS200432-GS06,0,0,0
HS200432-GS07,0,0,0
HS200432-H01,0,0,0
HS200432-H02,0,0,0
HS200432-H03,0,0,0
HS200432-H04,0,0,0
HS200432-H05,0,0,0
HS200432-H06,0,0,0
HS200432-H07,0,0,0
HS200432-HS01,0,0,0
HS200432-IBC01,23,0,23
HS200432-IBC02,0,0,0
HS200432-IBC03,0,0,0
HS200432-IBC04,0,0,0
HS200432-IBC05,0,0,0
HS200432-IBC06,1,0,1
HS200432-IBC07,4,0,4
HS200432-ISEA01,3,0,3
HS200432-ISEA02,29,0,29
HS200432-ISEA03,35,0,35
HS200432-ISEA04,42,1,43
HS200432-ISEA05,9,0,9
HS200432-ISEA06,39,0,39
HS200432-ISEA07,19,2,21
HS200432-ISEA08,0,0,0
HS200432-ISEA09,0,0,0
HS200432-ISEA10,0,0,0
HS200432-ISEA11,0,0,0
HS200432-ISEA12,0,0,0
HS200432-ISEA13,0,0,0
HS200432-ISEA14,1,0,1
HS200432-ISEA15,0,0,0
HS200432-ISEA16,0,0,0
HS200432-ISEA17,0,0,0
HS200432-ISEA18,0,0,0
HS200432-ISEA19,0,0,0
HS200432-ISEA20,0,0,0
HS200432-ISEA21,3,0,3
HS200432-ISEA22,0,0,0
HS200432-ISEA23,0,0,0
HS200432-ISEA24,2,0,2
HS200432-ISEA25,1,0,1
HS200432-ISEA26,0,0,0
HS200432-ISEA27,0,0,0
HS200432-ISEA28,1,0,1
HS200432-ISEA29,0,0,0
HS200432-ISEA30,0,0,0
HS200432-ISEA31,0,0,0
HS200432-ISEA32,0,0,0
HS200432-ISEA33,0,0,0
HS200432-ISEA34,0,0,0
HS200432-ISEA35,0,0,0
HS200432-ISEA36,3,0,3
HS200432-ISEA37,18,0,18
HS200432-ISEA38,3,0,3
HS200432-ISEA39,1,1,2
HS200432-ISEA40,21,0,21
HS200432-ISEA41,10,1,11
HS200432-ISEA43,6,0,6
HS200432-ISEA44,0,0,0
HS200432-ISEA45,0,0,0
HS200432-ISEA46,0,0,0
HS200432-ISEA47,0,0,0
HS200432-ISEA48,0,0,0
HS200432-ISEA49,1,0,1
HS200432-ISEA50,1,0,1
HS200432-IVI01,5,0,5
HS200432-IVI02,6,0,6
HS200432-IVI03,1,0,1
HS200432-IVI04,56,0,56
HS200432-IVI05,78,0,78
HS200432-IVI06,1,0,1
HS200432-IVI07,6,0,6
HS200432-IVI08,33,0,33
HS200432-IVI09,11,0,11
HS200432-IVI10,2,0,2
HS200432-IVI11,1,0,1
HS200432-IVI12,3,9,12
HS200432-IVI13,28,0,28
HS200432-IVI14,24,0,24
HS200432-IVI15,2,0,2
HS200432-IVI16,1,0,1
HS200432-QCSD01,0,0,0
HS200432-T01,0,0,0
HS200432-T02,0,0,0
HS200432-T03,0,0,0
HS200432-T04,0,0,0
HS200432-T05,0,0,0
HS200432-T06,0,0,0
HS200432-T07,0,0,0
HS200432-T08,0,0,0
HS200432-T09,0,0,0
HS200432-VI01,0,0,0
HS200432-VI02,0,1,1
HS200432-VI03,0,1,1
HS200432-VI04,1,0,1
HS200432-VI05,0,0,0
HS200432-VI06,0,0,0
HS200432-VI07,0,0,0
HS200432-VI08,0,0,0
HS200432-VI09,0,0,0
HS200432-VI11,0,0,0
HS200432-VI12,0,0,0
HS200432-VI13,0,0,0
HS200432-VI14,1,0,1
HS200432-VI15,0,0,0
HS200432-VI16,0,0,0
HS200432-VI17,2,0,2
HS200432-VI18,18,0,18
HS200432-VI19,1,0,1
HS200432-VI20,0,0,0
HS200432-VI21,0,0,0
HS200503-DE01,0,0,0
HS200503-DE02,1,0,1
HS200503-DE03,0,1,1
HS200503-DE04,0,0,0
HS200503-DE05,0,0,0
HS200503-DE06,0,0,0
HS200503-EP01,5,0,5
HS200503-EP02,20,1,21
HS200503-EP03,3,0,3
HS200503-EP04,0,1,1
HS200503-FI01,0,1,1
HS200503-FI02,0,0,0
HS200503-FI03,0,0,0
HS200503-FI04,0,0,0
HS200503-FI05,0,0,0
HS200503-FI06,0,0,0
HS200503-FI07,0,1,1
HS200503-FI08,0,0,0
HS200503-H02,2,0,2
HS200503-H04,0,0,0
HS200503-H05,0,0,0
HS200503-H06,0,0,0
HS200503-H07,0,0,0
HS200503-H08,0,0,0
HS200503-IBC01,0,0,0
HS200503-IBC02,0,1,1
HS200503-IBC03,1,0,1
HS200503-IBC04,0,0,0
HS200503-IBC05,0,0,0
HS200503-IBC06,3,0,3
HS200503-IBC07,0,0,0
HS200503-IBC08,1,0,1
HS200503-IBC09,0,0,0
HS200503-IBC10,0,0,0
HS200503-IBC11,0,0,0
HS200503-IBC12,0,0,0
HS200503-IBC13,0,0,0
HS200503-IBC14,0,0,0
HS200503-IBC15,0,0,0
HS200503-IBC16,1,0,1
HS200503-IBC17,0,0,0
HS200503-IBC18,0,0,0
HS200503-IBC19,5,0,5
HS200503-IBC20,0,0,0
HS200503-IBC21,1,0,1
HS200503-IBC22,0,0,0
HS200503-IBC24,0,0,0
HS200503-IBC25,0,0,0
HS200503-IBC26,0,0,0
HS200503-ISEA01,0,0,0
HS200503-ISEA02,0,0,0
HS200503-ISEA03,0,0,0
HS200503-ISEA04,1,0,1
HS200503-ISEA05,9,0,9
HS200503-ISEA06,3,0,3
HS200503-ISEA07,9,0,9
HS200503-ISEA08,5,0,5
HS200503-ISEA09,1,0,1
HS200503-ISEA10,17,0,17
HS200503-ISEA11,20,0,20
HS200503-ISEA12,0,0,0
HS200503-ISEA13,1,0,1
HS200503-ISEA14,36,1,37
HS200503-ISEA15,6,0,6
HS200503-ISEA17,0,0,0
HS200503-ISEA18,0,0,0
HS200503-ISEA19,0,0,0
HS200503-ISEA20,0,0,0
HS200503-ISEA21,0,0,0
HS200503-ISEA22,2,0,2
HS200503-ISEA23,0,0,0
HS200503-ISEA24,0,0,0
HS200503-ISEA25,0,0,0
HS200503-IVI01,19,4,23
HS200503-IVI02,19,8,27
HS200503-IVI03,12,8,20
HS200503-IVI04,35,0,35
HS200503-IVI05,7,0,7
HS200503-IVI06,41,1,42
HS200503-IVI07,25,0,25
HS200503-IVI08,18,0,18
HS200503-IVI09,34,0,34
HS200503-IVI10,78,1,79
HS200503-IVI11,32,0,32
HS200503-IVI12,41,0,41
HS200503-IVI13,1,0,1
HS200503-IVI14,4,0,4
HS200503-IVI15,2,0,2
HS200503-IVI16,7,0,7
HS200503-QCI01,0,0,0
HS200503-VI17,8,0,8
HS200503-VI18,4,1,5
HS200503-VI19,5,1,6
HS200503-VI20,7,0,7
HS200503-QCI02,0,0,0
HS200503-QCI03,0,0,0
HS200503-QCI05,0,0,0
HS200503-QCI06,0,0,0
HS200503-QCI07,0,0,0
HS200503-QCI08,0,0,0
HS200503-T01,0,0,0
HS200503-T02,0,0,0
HS200503-T03,0,0,0
HS200503-T04,1,0,1
HS200503-T05,0,0,0
HS200503-T06,1,0,1
HS200503-T07,0,0,0
HS200503-VI01,1,1,2
HS200503-VI02,0,0,0
HS200503-VI03,0,0,0
HS200503-VI04,0,0,0
HS200503-VI05,25,2,27
HS200503-VI06,19,1,20
HS200503-VI07,5,6,11
HS200503-VI08,3,0,3
HS200503-VI09,3,0,3
HS200503-VI10,0,0,0
HS200503-VI11,0,0,0
HS200503-VI12,0,0,0
HS200503-VI13,4,1,5
HS200503-VI14,22,1,23
HS200503-VI16,3,0,3
HS200517-DE01,0,0,0
HS200517-DE02,0,1,1
HS200517-DE03,0,0,0
HS200517-DE04,0,1,1
HS200517-DE05,0,0,0
HS200517-DE06,0,0,0
HS200517-EP01,0,4,4
HS200517-EP02,0,1,1
HS200517-EP03,1,0,1
HS200517-EP04,0,0,0
HS200517-EP05,0,0,0
HS200517-EP06,0,0,0
HS200517-EP07,0,0,0
HS200517-FI01,2,0,2
HS200517-FI02,1,1,2
HS200517-FI03,0,0,0
HS200517-FI04,0,0,0
HS200517-FI05,0,0,0
HS200517-FI06,1,0,1
HS200517-FI07,0,0,0
HS200517-H01,1,0,1
HS200517-H02,0,0,0
HS200517-H03,0,0,0
HS200517-H04,0,0,0
HS200517-H05,0,0,0
HS200517-H06,0,0,0
HS200517-T01,0,0,0
HS200517-T02,0,3,3
HS200517-VI01,2,1,3
HS200517-VI02,5,0,5
HS200517-VI03,0,0,0
HS200517-VI04,0,0,0
HS200517-VI05,0,8,8
HS200517-VI06,0,0,0
HS200517-VI07,0,0,0
HS200517-VI08,0,0,0
HS200517-VI09,0,5,5
HS200517-VI10,0,2,2
HS200517-VI11,0,6,6
HS200528-DE01,1,0,1
HS200528-DE02,0,0,0
HS200528-DE03,0,0,0
HS200528-DE04,0,0,0
HS200528-DE05,0,0,0
HS200528-DE06,0,0,0
HS200528-EP01,3,0,3
HS200528-EP02,3,0,3
HS200528-EP03,0,0,0
HS200528-EP04,0,0,0
HS200528-EP05,0,0,0
HS200528-EP06,0,0,0
HS200528-EP07,0,0,0
HS200528-FI01,0,0,0
HS200528-FI02,0,0,0
HS200528-FI03,0,0,0
HS200528-FI04,0,0,0
HS200528-H02,0,0,0
HS200528-H03,0,0,0
HS200528-H04,0,0,0
HS200528-H05,0,0,0
HS200528-H06,0,0,0
HS200528-IBC01,19,0,19
HS200528-IBC02,14,1,15
HS200528-IBC03,4,0,4
HS200528-IBC04,2,0,2
HS200528-IBC05,2,0,2
HS200528-IBC06,5,0,5
HS200528-IBC07,1,1,2
HS200528-IBC08,4,0,4
HS200528-IBC09,5,0,5
HS200528-IBC10,1,0,1
HS200528-IBC11,0,0,0
HS200528-IBC12,0,0,0
HS200528-IBC13,2,0,2
HS200528-IBC14,0,1,1
HS200528-IBC15,1,0,1
HS200528-IBC16,1,0,1
HS200528-IBC17,0,0,0
HS200528-IBC18,1,0,1
HS200528-IBC19,0,2,2
HS200528-IBC20,16,0,16
HS200528-IBC21,0,0,0
HS200528-IBC22,0,0,0
HS200528-IBC23,0,0,0
HS200528-IBC24,0,0,0
HS200528-IBC25,0,0,0
HS200528-IBC26,0,0,0
HS200528-IBC27,0,0,0
HS200528-IBC28,1,0,1
HS200528-IBC29,6,0,6
HS200528-IBC30,1,1,2
HS200528-IBC31,16,0,16
HS200528-IBC32,1,0,1
HS200528-IBC33,0,0,0
HS200528-IBC34,0,0,0
HS200528-IBC35,0,0,0
HS200528-IBC36,1,0,1
HS200528-ISEA01,0,0,0
HS200528-ISEA02,0,0,0
HS200528-ISEA03,6,0,6
HS200528-ISEA04,3,0,3
HS200528-ISEA05,0,0,0
HS200528-ISEA06,0,0,0
HS200528-ISEA07,0,0,0
HS200528-ISEA08,9,0,9
HS200528-ISEA09,52,1,53
HS200528-ISEA10,93,0,93
HS200528-ISEA11,36,1,37
HS200528-ISEA12,22,0,22
HS200528-ISEA13,16,0,16
HS200528-ISEA14,0,0,0
HS200528-ISEA15,4,0,4
HS200528-ISEA16,0,0,0
HS200528-ISEA17,0,0,0
HS200528-ISEA18,3,0,3
HS200528-ISEA19,0,1,1
HS200528-ISEA20,1,0,1
HS200528-ISEA21,0,0,0
HS200528-ISEA22,3,0,3
HS200528-ISEA23,16,0,16
HS200528-ISEA24,16,1,17
HS200528-ISEA25,1,0,1
HS200528-ISEA26,14,0,14
HS200528-ISEA27,0,0,0
HS200528-ISEA28,0,0,0
HS200528-IVI01,1,0,1
HS200528-IVI02,2,0,2
HS200528-IVI03,8,0,8
HS200528-IVI04,20,0,20
HS200528-IVI05,6,0,6
HS200528-IVI06,13,0,13
HS200528-IVI07,0,0,0
HS200528-IVI08,0,0,0
HS200528-IVI09,0,0,0
HS200528-IVI10,47,0,47
HS200528-IVI11,7,0,7
HS200528-IVI12,20,0,20
HS200528-IVI13,10,0,10
HS200528-IVI14,5,0,5
HS200528-IVI15,1,0,1
HS200528-IVI16,17,0,17
HS200528-IVI17,3,0,3
HS200528-IVI18,16,1,17
HS200528-IVI19,4,0,4
HS200528-IVI20,19,0,19
HS200528-IVI21,13,0,13
HS200528-IVI22,59,0,59
HS200528-IVI23,45,0,45
HS200528-IVI24,11,0,11
HS200528-IVI25,0,0,0
HS200528-IVI26,6,0,6
HS200528-IVI27,32,0,32
HS200528-IVI28,18,0,18
HS200528-IVI29,27,0,27
HS200528-IVI30,41,0,41
HS200528-IVI31,79,1,80
HS200528-IVI32,25,0,25
HS200528-IVI33,45,0,45
HS200528-IVI34,69,0,69
HS200528-IVI35,42,0,42
HS200528-T01,0,0,0
HS200528-T02,0,0,0
HS200528-T03,0,0,0
HS200528-T04,0,0,0
HS200528-T05,0,0,0
HS200528-T06,0,0,0
HS200528-VI01,0,0,0
HS200528-VI02,10,0,10
HS200528-VI03,13,0,13
HS200609-DE01,4,1,5
HS200609-DE02,1,0,1
HS200609-DE03,0,0,0
HS200609-DE04,0,0,0
HS200609-DE05,0,0,0
HS200609-DE06,0,0,0
HS200609-EP01,28,0,28
HS200609-EP02,8,1,9
HS200609-EP03,0,0,0
HS200609-EP04,0,0,0
HS200609-EP05,0,0,0
HS200609-EP06,0,0,0
HS200609-FI01,0,0,0
HS200609-FI02,0,0,0
HS200609-FI03,0,0,0
HS200609-FI04,0,0,0
HS200609-FI05,0,0,0
HS200609-FI06,0,0,0
HS200609-H01,0,0,0
HS200609-H02,0,0,0
HS200609-H03,1,0,1
HS200609-H04,0,0,0
HS200609-H05,0,0,0
HS200609-H06,0,0,0
HS200609-H07,0,0,0
HS200609-H08,0,0,0
HS200609-HS01,0,0,0
HS200609-HS02,0,0,0
HS200609-HS03,0,0,0
HS200609-HS04,0,0,0
HS200609-HS05,0,0,0
HS200609-HS06,0,0,0
HS200609-HS07,0,0,0
HS200609-HS08,0,0,0
HS200609-HS09,0,0,0
HS200609-HSS1,1,0,1
HS200609-HSS2,0,0,0
HS200609-IBC01,0,0,0
HS200609-IBC02,0,0,0
HS200609-IBC03,0,0,0
HS200609-IBC04,0,0,0
HS200609-IBC05,0,0,0
HS200609-IBC06,0,0,0
HS200609-IBC07,0,0,0
HS200609-IBC08,0,0,0
HS200609-IBC09,0,0,0
HS200609-IBC10,0,0,0
HS200609-IBC11,0,0,0
HS200609-IBC12,0,0,0
HS200609-IBC13,1,1,2
HS200609-IBC14,1,0,1
HS200609-ISEA01,0,2,2
HS200609-ISEA02,0,1,1
HS200609-ISEA03,0,0,0
HS200609-ISEA04,1,0,1
HS200609-ISEA05,0,0,0
HS200609-ISEA06,0,0,0
HS200609-ISEA07,1,0,1
HS200609-ISEA08,2,1,3
HS200609-ISEA09,17,1,18
HS200609-ISEA10,3,0,3
HS200609-ISEA11,0,2,2
HS200609-ISEA12,4,0,4
HS200609-ISEA13,4,1,5
HS200609-ISEA14,0,0,0
HS200609-ISEA15,0,0,0
HS200609-ISEA16,0,0,0
HS200609-ISEA17,0,0,0
HS200609-ISEA18,0,0,0
HS200609-ISEA19,0,0,0
HS200609-ISEA20,0,0,0
HS200609-ISEA21,0,0,0
HS200609-ISEA22,0,0,0
HS200609-ISEA23,0,0,0
HS200609-ISEA24,2,1,3
HS200609-ISEA25,0,0,0
HS200609-ISEA26,1,0,1
HS200609-ISEA27,0,0,0
HS200609-ISEA28,22,0,22
HS200609-ISEA29,4,1,5
HS200609-IVI01,3,1,4
HS200609-IVI02,6,1,7
HS200609-IVI03,6,6,12
HS200609-IVI04,0,0,0
HS200609-IVI05,1,3,4
HS200609-IVI06,24,0,24
HS200609-IVI07,42,0,42
HS200609-IVI08,3,0,3
HS200609-IVI09,20,0,20
HS200609-IVI10,10,2,12
HS200609-IVI11,3,3,6
HS200609-IVI12,3,0,3
HS200609-IVI13,1,0,1
HS200609-IVI14,8,10,18
HS200609-IVI15,4,0,4
HS200609-IVI16,2,0,2
HS200609-IVI17,9,0,9
HS200609-IVI18,4,0,4
HS200609-IVI19,5,0,5
HS200609-IVI20,2,0,2
HS200609-IVI21,1,0,1
HS200609-IVI22,1,0,1
HS200609-IVI23,0,0,0
HS200609-IVI24,0,0,0
HS200609-IVI25,1,0,1
HS200609-IVI26,2,0,2
HS200609-IVI27,22,0,22
HS200609-IVI28,9,3,12
HS200609-IVI29,15,1,16
HS200609-IVI30,0,0,0
HS200609-IVI31,0,0,0
HS200609-IVI32,9,1,10
HS200609-VI01,12,0,12
HS200609-VI02,14,2,16
HS200609-VI03,0,1,1
HS200609-VI04,4,1,5
HS200609-VI05,1,1,2
HS200609-VI06,5,0,5
HS200609-VI07,2,0,2
HS200609-VI08,2,2,4
HS200609-VI09,2,0,2
HS200609-VI10,2,0,2
HS200609-VI11,0,0,0
HS200609-VI12,4,0,4
HS200609-VI13,5,0,5
HS200609-VI14,0,1,1
HS200609-VI15,0,0,0
HS200609-VI16,0,0,0
HS200609-VI17,0,0,0
HS200609-VI18,0,0,0
HS200609-VI19,0,0,0
HS200609-VI20,0,0,0
HS200622-DX01,0,0,0
HS200622-DX02,2,30,32
HS200622-DX03,0,9,9
HS200622-DX04,0,1,1
HS200622-DX05,1,3,4
HS200622-DX06,0,0,0
HS200622-EP01,17,1,18
HS200622-EP02,21,3,24
HS200622-EP03,25,0,25
HS200622-EP04,0,0,0
HS200622-EP05,0,0,0
HS200622-FI01,6,0,6
HS200622-FI02,0,2,2
HS200622-FI03,0,2,2
HS200622-FI04,0,1,1
HS200622-FI05,0,0,0
HS200622-FI06,0,0,0
HS200622-FI07,0,0,0
HS200622-H01,1,0,1
HS200622-H02,0,0,0
HS200622-H03,0,0,0
HS200622-H04,0,0,0
HS200622-H05,0,0,0
HS200622-H06,0,0,0
HS200622-JF01,0,0,0
HS200622-JF02,0,0,0
HS200622-JF03,0,1,1
HS200622-JF04,1,0,1
HS200622-JF05,0,10,10
HS200622-QCI01,0,1,1
HS200622-QCI02,1,3,4
HS200622-QCI03,0,2,2
HS200622-QCI04,0,1,1
HS200622-QCI05,0,0,0
HS200622-QCI06,0,1,1
HS200622-QCI07,0,0,0
HS200622-QCI09,0,0,0
HS200622-QCI10,4,0,4
HS200622-QCI11,0,0,0
HS200622-QCI12,0,0,0
HS200622-SEA01,3,1,4
HS200622-T01,5,0,5
HS200622-T02,2,0,2
HS200622-T03,0,0,0
HS200622-T04,0,0,0
HS200622-T05,0,0,0
HS200622-T06,3,0,3
HS200622-T07,6,0,6
HS200622-VI01,0,15,15
HS200622-VI02,4,2,6
HS200622-VI03,0,3,3
HS200622-VI04,0,2,2
HS200622-VI05,1,0,1
HS200622-VI06,0,0,0
HS200622-VI08,1,5,6
HS200622-VI09,2,1,3
HS200622-VI10,0,0,0
HS200622-VI11,1,4,5
HS200622-VI12,4,1,5
HS200631-EP05,0,0,0
HS200631-FI01,1,1,2
HS200631-FI02,0,0,0
HS200631-FI03,0,0,0
HS200631-FI04,0,0,0
HS200631-FI05,0,0,0
HS200631-FI06,0,0,0
HS200631-FI07,0,0,0
HS200631-H01,0,0,0
HS200631-H02,0,0,0
HS200631-H03,0,0,0
HS200631-H04,0,0,0
HS200631-H05,0,0,0
HS200631-IBC01,1,0,1
HS200631-IBC02,1,0,1
HS200631-IBC03,1,0,1
HS200631-IBC04,0,0,0
HS200631-IBC05,0,0,0
HS200631-IBC06,19,0,19
HS200631-IBC07,2,0,2
HS200631-IBC08,0,0,0
HS200631-IBC09,0,0,0
HS200631-IBC10,0,0,0
HS200631-IBC11,0,0,0
HS200631-IBC12,0,0,0
HS200631-ISEA01,3,0,3
HS200631-ISEA02,0,0,0
HS200631-ISEA03,1,0,1
HS200631-ISEA04,0,0,0
HS200631-ISEA05,0,0,0
HS200631-ISEA06,0,0,0
HS200631-ISEA07,9,1,10
HS200631-ISEA08,17,1,18
HS200631-ISEA09,11,0,11
HS200631-ISEA10,43,0,43
HS200631-ISEA11,35,0,35
HS200631-ISEA12,14,0,14
HS200631-ISEA13,15,1,16
HS200631-ISEA14,6,0,6
HS200631-ISEA15,0,0,0
HS200631-ISEA16,0,0,0
HS200631-ISEA17,0,0,0
HS200631-ISEA18,0,0,0
HS200631-ISEA19,0,0,0
HS200631-ISEA20,2,0,2
HS200631-ISEA21,1,0,1
HS200631-ISEA22,1,0,1
HS200631-ISEA23,0,0,0
HS200631-ISEA24,0,0,0
HS200631-ISEA25,0,0,0
HS200631-ISEA26,1,0,1
HS200631-ISEA27,0,0,0
HS200631-ISEA28,1,0,1
HS200631-ISEA29,1,0,1
HS200631-ISEA30,0,0,0
HS200631-ISEA31,1,0,1
HS200631-IVI01,1,0,1
HS200631-IVI02,10,0,10
HS200631-IVI03,27,0,27
HS200631-IVI05,0,0,0
HS200631-IVI06,5,0,5
HS200631-IVI07,49,2,51
HS200631-IVI08,114,0,114
HS200631-IVI09,33,0,33
HS200631-IVI10,0,0,0
HS200631-IVI11,25,0,25
HS200631-IVI12,13,0,13
HS200631-IVI13,22,0,22
HS200631-IVI14,31,0,31
HS200631-IVI15,61,0,61
HS200631-IVI16,7,0,7
HS200631-IVI17,2,2,4
HS200631-IVI18,0,4,4
HS200631-IVI19,7,0,7
HS200631-IVI20,1,0,1
HS200631-IVI21,4,0,4
HS200631-IVI22,4,0,4
HS200631-IVI23,10,0,10
HS200631-IVI24,46,0,46
HS200631-IVI25,74,0,74
HS200631-IVI26,332,0,332
HS200631-IVI27,309,0,309
HS200631-IVI28,112,0,112
HS200631-IVI29,25,1,26
HS200631-IVI30,74,0,74
HS200631-IVI31,68,0,68
HS200631-IVI32,33,0,33
HS200631-JF01,3,0,3
HS200631-JF02,1,0,1
HS200631-JF03,4,1,5
HS200631-JF04,13,0,13
HS200631-JF05,10,9,19
HS200631-SEA01,0,0,0
HS200631-SEA02,0,0,0
HS200631-SEA03,0,0,0
HS200631-SEA04,0,0,0
HS200631-SEA05,0,0,0
HS200631-SEA06,0,0,0
HS200631-SEA07,0,0,0
HS200631-T01,7,0,7
HS200631-T02,0,0,0
HS200631-T03,0,0,0
HS200631-T04,0,0,0
HS200631-T05,0,0,0
HS200631-T06,0,0,0
HS200631-T07,0,0,0
HS200631-VI01,3,0,3
HS200631-VI02,0,0,0
HS200631-VI03,4,0,4
HS200631-VI04,99,1,100
HS200631-VI05,40,1,41
HS200631-VI06,10,0,10
HS200631-VI07,12,0,12
HS200631-VI08,1,0,1
HS200631-VI09,0,0,0
HS200631-VI10,0,0,0
HS200631-VI11,0,0,0
HS200709-DE01,0,0,0
HS200709-DE02,0,0,0
HS200709-DE03,0,0,0
HS200709-DE04,1,0,1
HS200709-DE05,0,0,0
HS200709-EP01,7,0,7
HS200709-EP02,4,2,6
HS200709-EP03,12,0,12
HS200709-EP04,3,0,3
HS200709-EP05,0,0,0
HS200709-EP06,0,0,0
HS200709-H01,0,0,0
HS200709-H02,0,0,0
HS200709-H03,0,0,0
HS200709-H04,0,0,0
HS200709-H05,0,0,0
HS200709-H06,0,0,0
HS200709-IBC01,0,0,0
HS200709-IBC02,0,0,0
HS200709-IBC03,0,0,0
HS200709-IBC04,0,0,0
HS200709-IBC05,0,0,0
HS200709-IBC06,0,0,0
HS200709-IBC07,0,0,0
HS200709-IBC08,0,0,0
HS200709-IBC09,0,0,0
HS200709-IBC12,0,0,0
HS200709-IBC13,1,0,1
HS200709-IBC14,0,0,0
HS200709-IBC15,0,0,0
HS200709-IBC16,0,0,0
HS200709-IBC17,0,0,0
HS200709-IBC18,0,0,0
HS200709-IBC19,1,0,1
HS200709-IBC20,0,0,0
HS200709-IBC21,0,0,0
HS200709-ISEA01,1,0,1
HS200709-ISEA02,0,0,0
HS200709-ISEA03,1,0,1
HS200709-ISEA04,0,0,0
HS200709-ISEA05,0,0,0
HS200709-ISEA06,0,0,0
HS200709-ISEA07,0,0,0
HS200709-ISEA08,1,0,1
HS200709-ISEA09,0,0,0
HS200709-ISEA10,1,0,1
HS200709-ISEA11,0,0,0
HS200709-ISEA12,3,0,3
HS200709-ISEA13,0,0,0
HS200709-ISEA14,36,0,36
HS200709-ISEA15,15,0,15
HS200709-ISEA16,1,0,1
HS200709-ISEA17,7,1,8
HS200709-ISEA18,3,0,3
HS200709-ISEA19,0,0,0
HS200709-ISEA20,0,1,1
HS200709-ISEA21,0,0,0
HS200709-ISEA22,0,0,0
HS200709-ISEA23,2,0,2
HS200709-ISEA24,0,0,0
HS200709-ISEA25,5,0,5
HS200709-ISEA26,1,0,1
HS200709-ISEA27,0,0,0
HS200709-ISEA28,0,0,0
HS200709-ISEA29,0,0,0
HS200709-ISEA30,0,0,0
HS200709-ISEA31,0,0,0
HS200709-ISEA32,0,0,0
HS200709-ISEA33,0,0,0
HS200709-ISEA34,0,0,0
HS200709-ISEA35,0,0,0
HS200709-ISEA36,0,0,0
HS200709-ISEA37,0,0,0
HS200709-ISEA38,0,0,0
HS200709-ISEA39,0,0,0
HS200709-ISEA40,0,0,0
HS200709-ISEA41,0,0,0
HS200709-ISEA42,0,0,0
HS200709-ISEA43,0,0,0
HS200709-ISEA44,3,0,3
HS200709-ISEA45,6,0,6
HS200709-IVI01,2,0,2
HS200709-IVI02,1,0,1
HS200709-IVI03,10,0,10
HS200709-IVI04,1,0,1
HS200709-IVI05,0,0,0
HS200709-IVI06,0,0,0
HS200709-IVI07,0,0,0
HS200709-IVI08,0,0,0
HS200709-IVI09,0,0,0
HS200709-IVI10,0,0,0
HS200709-IVI11,5,0,5
HS200709-IVI12,1,0,1
HS200709-IVI13,6,0,6
HS200709-IVI14,4,0,4
HS200709-IVI15,2,0,2
HS200709-IVI16,48,0,48
HS200709-IVI17,2,0,2
HS200709-IVI18,7,0,7
HS200709-IVI19,2,0,2
HS200709-IVI20,0,0,0
HS200709-IVI21,2,0,2
HS200709-IVI22,103,1,104
HS200709-IVI23,25,0,25
HS200709-IVI24,7,0,7
HS200709-IVI25,27,0,27
HS200709-IVI26,34,0,34
HS200709-JF01,0,0,0
HS200709-JF02,4,2,6
HS200709-JF03,16,1,17
HS200709-JF04,10,2,12
HS200709-JF05,26,1,27
HS200709-VI01,13,3,16
HS200709-VI02,9,0,9
HS200709-VI03,1,0,1
HS200709-VI04,1,0,1
HS200709-VI05,0,0,0
HS200709-VI06,3,0,3
HS200742-B01,1,0,1
HS200742-B02,0,2,2
HS200742-B03,1,3,4
HS200742-B04,3,0,3
HS200742-B05,0,1,1
HS200742-B06,1,3,4
HS200742-B07,0,2,2
HS200742-B08,0,1,1
HS200742-DE01,0,1,1
HS200742-DE02,0,1,1
HS200742-DE03,0,2,2
HS200742-DE04,0,0,0
HS200742-DE05,0,0,0
HS200742-DE06,0,0,0
HS200742-EP01,10,8,18
HS200742-EP02,6,5,11
HS200742-EP03,2,10,12
HS200742-EP04,1,0,1
HS200742-EP05,0,0,0
HS200742-EP06,1,0,1
HS200742-EP07,0,0,0
HS200742-FI02,0,0,0
HS200742-FI03,2,0,2
HS200742-FI05,1,0,1
HS200742-FI06,1,1,2
HS200742-FI07,0,3,3
HS200742-FI08,0,2,2
HS200742-H01,2,0,2
HS200742-H02,2,0,2
HS200742-H03,1,2,3
HS200742-H04,3,2,5
HS200742-H05,3,0,3
HS200742-H06,1,0,1
HS200742-H07,2,1,3
HS200742-HS01,7,0,7
HS200742-HS03,8,1,9
HS200742-HS04,7,0,7
HS200742-HS05,7,0,7
HS200742-HS06,3,2,5
HS200742-IVI01,6,2,8
HS200742-IVI02,2,3,5
HS200742-IVI03,0,1,1
HS200742-IVI04,0,0,0
HS200742-IVI05,0,0,0
HS200742-IVI06,0,0,0
HS200742-IVI07,0,0,0
HS200742-JF01,0,0,0
HS200742-JF02,0,2,2
HS200742-JF03,1,2,3
HS200742-JF04,3,2,5
HS200742-JF05,1,15,16
HS200742-JF06,2,96,98
HS200742-JF07,0,0,0
HS200742-QCI01,7,1,8
HS200742-QCI02,1,2,3
HS200742-QCI03,0,1,1
HS200742-QCI04,6,2,8
HS200742-QCI05,2,0,2
HS200742-QCI06,6,0,6
HS200742-QCI07,3,0,3
HS200742-QCI09,0,1,1
HS200742-QCI10,7,0,7
HS200742-QCI11,5,0,5
HS200742-T01,0,0,0
HS200742-T02,0,0,0
HS200742-T03,0,0,0
HS200742-T04,0,1,1
HS200742-T05,0,2,2
HS200742-T06,1,0,1
HS200742-T07,0,1,1
HS200742-T08,0,2,2
HS200742-VI01,0,8,8
HS200742-VI02,1,22,23
HS200742-VI03,0,12,12
HS200742-VI04,1,4,5
HS200742-VI05,2,7,9
HS200742-VI06,3,7,10
HS200742-VI07,0,7,7
HS200742-VI08,3,2,5
HS200742-VI09,0,1,1
HS200742-VI10,0,2,2
HS200742-VI12,2,0,2
HS200742-VI13,5,6,11
HS200742-VI14,2,10,12
HS200742-VI15,1,3,4
HS200742-VI16,0,1,1
HS200742-VI17,4,5,9
HS200742-VI18,4,2,6
HS200742-VI19,1,5,6
HS200742-VI20,3,3,6
HS200742-VI22,4,4,8
HS200742-VI23,0,4,4
HS200742-VI24,6,10,16
HS200742-VI25,1,1,2
HS200742-VI26,0,4,4
HS200742-VI27,0,1,1
HS200742-VI28,3,0,3
HS200742-VI30,5,2,7
HS200742-VI31,2,0,2
HS200742-VI32,2,1,3
HS200742-VI33,1,1,2
HS200742-VI34,0,1,1
HS200765-IBC10,0,0,0
HS200765-IBC11,1,0,1
HS200765-IBC12,1,0,1
HS200765-IBC13,10,0,10
HS200765-IBC14,3,0,3
HS200765-IBC15,9,0,9
HS200765-IBC16,10,0,10
HS200765-IBC17,5,0,5
HS200765-IBC18,12,0,12
HS200765-IBC19,11,0,11
HS200765-IBC20,3,0,3
HS200765-IBC21,0,0,0
HS200765-IBC22,4,0,4
HS200765-IBC23,1,0,1
HS200765-IBC24,7,2,9
HS200765-IBC25,3,0,3
HS200765-IBC26,2,1,3
HS200765-IBC27,0,0,0
HS200765-IBC28,0,0,0
HS200765-IBC29,0,0,0
HS200765-DE01,0,0,0
HS200765-DE02,0,0,0
HS200765-DE03,0,0,0
HS200765-DE04,0,0,0
HS200765-DE05,0,0,0
HS200765-DE06,0,0,0
HS200765-DE07,0,0,0
HS200765-EP01,1,0,1
HS200765-EP02,0,0,0
HS200765-EP03,0,0,0
HS200765-EP04,0,0,0
HS200765-EP05,0,0,0
HS200765-EP05B,0,0,0
HS200765-EP06,0,1,1
HS200765-EP06B,0,0,0
HS200765-EP07,0,0,0
HS200765-FI01,0,0,0
HS200765-FI02,0,0,0
HS200765-FI03,0,0,0
HS200765-FI04,0,0,0
HS200765-FI05,0,0,0
HS200765-FI06,0,0,0
HS200765-H01,0,0,0
HS200765-H02,0,0,0
HS200765-H03,1,0,1
HS200765-H04,0,0,0
HS200765-H05,0,0,0
HS200765-H06,0,0,0
HS200765-IBC01,2,0,2
HS200765-IBC02,3,0,3
HS200765-IBC03,1,0,1
HS200765-IBC04,0,0,0
HS200765-IBC05,0,0,0
HS200765-IBC06,0,0,0
HS200765-IBC07,0,0,0
HS200765-IBC08,6,0,6
HS200765-IBC09,0,0,0
HS200765-IBC30,2,2,4
HS200765-IBC31,7,0,7
HS200765-IBC32,1,0,1
HS200765-IBC33,1,0,1
HS200765-IBC34,0,0,0
HS200765-IBC35,1,0,1
HS200765-IBC36,6,0,6
HS200765-IBC37,0,0,0
HS200765-IBC38,4,0,4
HS200765-IBC39,7,2,9
HS200765-IBC40,8,0,8
HS200765-IBC41,0,0,0
HS200765-IBC42,0,0,0
HS200765-IBC43,0,0,0
HS200765-IBC44,0,0,0
HS200765-IBC45,0,0,0
HS200765-IBC46,0,0,0
HS200765-IBC47,0,0,0
HS200765-IBC48,0,0,0
HS200765-IBC49,2,0,2
HS200765-IBC50,0,0,0
HS200765-IBC51,0,0,0
HS200765-IBC52,0,0,0
HS200765-IBC53,0,0,0
HS200765-IBC54,14,1,15
HS200765-IBC55,41,0,41
HS200765-IBC56,3,0,3
HS200765-IBC57,7,0,7
HS200765-ISEA01,16,0,16
HS200765-ISEA02,2,0,2
HS200765-ISEA03,1,0,1
HS200765-ISEA04,5,0,5
HS200765-ISEA05,9,2,11
HS200765-ISEA06,11,0,11
HS200765-ISEA07,34,0,34
HS200765-ISEA08,43,0,43
HS200765-ISEA09,9,2,11
HS200765-ISEA10,10,0,10
HS200765-ISEA11,15,0,15
HS200765-ISEA12,2,0,2
HS200765-ISEA13,0,0,0
HS200765-ISEA14,7,0,7
HS200765-ISEA15,13,0,13
HS200765-IVI01,0,0,0
HS200765-IVI02,0,0,0
HS200765-IVI03,10,0,10
HS200765-IVI04,24,0,24
HS200765-IVI05,16,0,16
HS200765-IVI06,4,0,4
HS200765-IVI07,13,0,13
HS200765-IVI08,7,0,7
HS200765-IVI10,40,0,40
HS200765-IVI11,15,0,15
HS200765-IVI13,44,0,44
HS200765-IVI14,12,0,12
HS200765-IVI15,0,0,0
HS200765-IVI16,0,0,0
HS200765-IVI17,9,0,9
HS200765-IVI18,8,0,8
HS200765-IVI19,32,0,32
HS200765-IVI20,73,2,75
HS200765-IVI21,111,0,111
HS200765-IVI22,183,0,183
HS200765-IVI23,38,0,38
HS200765-IVI24,36,0,36
HS200765-IVI25,6,0,6
HS200765-IVI26,18,0,18
HS200765-IVI27,14,0,14
HS200765-IVI28,2,0,2
HS200765-IVI29,2,0,2
HS200765-JF01,1,0,1
HS200765-JF02,0,0,0
HS200765-JF03,0,0,0
HS200765-JF04,0,0,0
HS200765-JF05,1,0,1
HS200765-JF06,2,1,3
HS200765-JF07,1,0,1
HS200765-VI01,0,0,0
HS200765-VI02,0,0,0
HS200765-VI03,0,0,0
HS200765-VI04,0,0,0
HS200765-VI05,0,0,0
HS200765-VI06,0,0,0
HS200765-VI07,0,0,0
HS200765-VI08,0,0,0
HS200765-VI09,0,0,0
HS200765-VI10,0,0,0
HS200765-VI11,0,0,0
HS200765-VI12,0,0,0
HS200765-VI13,0,0,0
HS200765-VI14,2,0,2
HS200765-VI15,0,0,0
HS200765-VI16,0,0,0
HS200765-VI17,0,0,0
HS200765-VI18,0,0,0
HS200765-VI19,0,0,0
HS200765-VI20,0,0,0
HS200765-VI21,0,0,0
HS200765-VI22,0,0,0
HS200765-VI23,0,0,0
HS200765-VI24,0,0,0
HS200812-EP01,2,0,2
HS200812-EP02,0,0,0
HS200812-EP03,3,0,3
HS200812-EP04,1,0,1
HS200812-EP05,1,0,1
HS200812-EP06,0,0,0
HS200812-EP07,0,0,0
HS200812-GS01,0,0,0
HS200812-GS02,1,0,1
HS200812-GS03,0,0,0
HS200812-GS04,0,0,0
HS200812-GS05,1,0,1
HS200812-GS06,0,0,0
HS200812-GS07,1,0,1
HS200812-GS08,0,0,0
HS200812-GS09,0,0,0
HS200812-GS10,1,0,1
HS200812-GS11,0,0,0
HS200812-GS12,0,0,0
HS200812-GS13,1,0,1
HS200812-GS14,0,0,0
HS200812-GS15,0,0,0
HS200812-GS16,0,0,0
HS200812-GS17,0,0,0
HS200812-GS18,0,0,0
HS200812-GS19,0,0,0
HS200812-GS20,0,0,0
HS200812-GS21,0,0,0
HS200812-GS22,0,0,0
HS200812-GS23,0,0,0
HS200812-GS24,0,0,0
HS200812-GS25,0,0,0
HS200812-GS26,0,0,0
HS200812-GS27,0,0,0
HS200812-GS28,0,0,0
HS200812-GS29,0,0,0
HS200812-GS30,0,0,0
HS200812-GS31,0,0,0
HS200812-GS32,0,0,0
HS200812-GS33,0,1,1
HS200812-GS34,0,0,0
HS200812-GS35,0,0,0
HS200812-GS36,0,0,0
HS200812-GS37,0,0,0
HS200812-GS38,0,0,0
HS200812-GS39,0,0,0
HS200812-GS40,0,0,0
HS200812-GS41,0,0,0
HS200812-GS42,0,0,0
HS200812-GS43,2,0,2
HS200812-GS44,0,0,0
HS200812-GS45,0,0,0
HS200812-GS46,0,0,0
HS200812-GS47,0,0,0
HS200812-GS48,1,0,1
HS200812-GS49,1,1,2
HS200812-GS50,0,0,0
HS200812-GS51,0,1,1
HS200812-IBC01,0,0,0
HS200812-IBC02,0,0,0
HS200812-IBC03,0,0,0
HS200812-IBC04,0,0,0
HS200812-IBC05,1,0,1
HS200812-IBC06,1,0,1
HS200812-IBC07,0,0,0
HS200812-IBC08,0,1,1
HS200812-IBC09,0,0,0
HS200812-IBC10,0,0,0
HS200812-IBC11,0,0,0
HS200812-IBC12,0,0,0
HS200812-IBC13,0,0,0
HS200812-IBC14,0,0,0
HS200812-IBC15,0,0,0
HS200812-IBC16,0,0,0
HS200812-IBC17,0,0,0
HS200812-IBC18,1,0,1
HS200812-IBC19,0,0,0
HS200812-IBC20,0,0,0
HS200812-IVI01,4,1,5
HS200812-IVI02,2,1,3
HS200812-IVI03,8,0,8
HS200812-IVI04,0,0,0
HS200812-IVI05,0,0,0
HS200812-IVI06,0,0,0
HS200812-IVI07,2,1,3
HS200812-IVI08,6,2,8
HS200812-IVI09,12,0,12
HS200812-IVI10,0,1,1
HS200812-IVI11,0,0,0
HS200812-IVI12,0,0,0
HS200812-IVI13,0,0,0
HS200812-IVI14,2,0,2
HS200812-IVI15,23,0,23
HS200812-IVI16,20,4,24
HS200812-IVI17,16,2,18
HS200812-IVI18,0,0,0
HS200812-IVI19,0,0,0
HS200812-IVI20,0,0,0
HS200812-IVI21,0,0,0
HS200812-IVI22,0,0,0
HS200812-IVI23,2,0,2
HS200812-IVI24,5,0,5
HS200812-IVI25,0,0,0
HS200812-IVI26,0,0,0
HS200812-IVI27,1,0,1
HS200812-IVI28,0,0,0
HS200812-IVI29,0,0,0
HS200812-IVI30,0,0,0
HS200812-IVI31,0,0,0
HS200812-IVI32,2,0,2
HS200812-IVI33,0,0,0
HS200812-JF01,0,0,0
HS200812-JF02,0,0,0
HS200812-JF03,0,0,0
HS200812-JF04,0,0,0
HS200812-JF05,10,1,11
HS200812-JF06,0,2,2
HS200812-PS01,0,0,0
HS200812-PS05,0,0,0
HS200812-PS06,9,0,9
HS200812-PS07,0,5,5
HS200812-PS08,3,0,3
HS200812-PS09,0,0,0
HS200812-PS10,0,0,0
HS200812-PS11,0,0,0
HS200812-PS12,0,0,0
HS200812-PS13,0,0,0
HS200812-PS14,0,0,0
HS200812-PS15,0,0,0
HS200812-T02,0,0,0
HS200812-T03,0,0,0
HS200812-T04,0,0,0
HS200812-T05,0,0,0
HS200812-T06,2,0,2
HS200812-T07,0,0,0
HS200812-T08,0,0,0
HS200812-VI01,0,0,0
HS200812-VI02,0,0,0
HS200812-VI03,5,0,5
HS200812-VI04,18,0,18
HS200812-VI05,0,0,0
HS200812-VI06,0,0,0
HS200812-VI07,0,0,0
HS200812-VI08,0,0,0
HS200812-VI09,0,0,0
HS200812-VI10,1,0,1
HS200812-VI11,3,0,3
HS200812-VI12,2,0,2
HS200814-D01,0,2,2
HS200814-D04,0,0,0
HS200814-D05,0,0,0
HS200814-D06,1,1,2
HS200814-D07,0,0,0
HS200814-DE04,0,0,0
HS200814-DE05,0,0,0
HS200814-DE06,0,0,0
HS200814-DT01,1,1,2
HS200814-DT02,1,5,6
HS200814-DT03,0,0,0
HS200814-DT04,0,1,1
HS200814-DT05,0,2,2
HS200814-DT06,1,1,2
HS200814-DT07,0,3,3
HS200814-EP01,25,0,25
HS200814-EP02,45,8,53
HS200814-EP03,29,8,37
HS200814-EP04,10,10,20
HS200814-EP05,5,5,10
HS200814-EP06,0,0,0
HS200814-EP07,0,0,0
HS200814-EP08,0,0,0
HS200814-H02,0,0,0
HS200814-H03,0,0,0
HS200814-H04,0,1,1
HS200814-H05,0,0,0
HS200814-H06,0,0,0
HS200814-H07,1,0,1
HS200814-H08,0,0,0
HS200814-HS01,1,0,1
HS200814-HS02,1,0,1
HS200814-HS03,1,0,1
HS200814-HS04,1,1,2
HS200814-HS05,12,2,14
HS200814-HS06,1,0,1
HS200814-IVI01,1,2,3
HS200814-IVI02,4,5,9
HS200814-IVI03,6,12,18
HS200814-IVI04,0,2,2
HS200814-JF01,0,0,0
HS200814-JF02,0,0,0
HS200814-JF03,0,0,0
HS200814-JF04,0,0,0
HS200814-JF05,0,0,0
HS200814-JF06,1,0,1
HS200814-QCI01,0,0,0
HS200814-QCI02,0,4,4
HS200814-QCI03,0,2,2
HS200814-QCI04,0,1,1
HS200814-QCI05,0,0,0
HS200814-QCI06,0,1,1
HS200814-QCI07,1,4,5
HS200814-QCI08,1,0,1
HS200814-QCI09,0,3,3
HS200814-QCI10,0,1,1
HS200814-QCI11,0,0,0
HS200814-QCI12,2,0,2
HS200814-QCI13,1,7,8
HS200814-QCI14,3,2,5
HS200814-QCI15,2,0,2
HS200814-QCI16,0,0,0
HS200814-QCI17,0,2,2
HS200814-QCI18,0,0,0
HS200814-QCI19,0,0,0
HS200814-QCI20,0,0,0
HS200814-QCI21,0,0,0
HS200814-QCI22,0,0,0
HS200814-QCI23,0,0,0
HS200814-QCSD01,0,0,0
HS200814-T01,0,0,0
HS200814-T02,0,0,0
HS200814-T03,0,0,0
HS200814-T04,0,0,0
HS200814-T05,1,0,1
HS200814-T06,54,1,55
HS200814-T07,18,0,18
HS200814-T08,0,0,0
HS200814-VI01,1,2,3
HS200814-VI02,0,16,16
HS200814-VI03,23,1,24
HS200814-VI04,19,32,51
HS200814-VI05,9,11,20
HS200814-VI06,2,8,10
HS200814-VI07,62,1,63
HS200814-VI08,0,0,0
HS200814-VI09,0,0,0
HS200814-VI10,6,0,6
HS200814-VI11,11,1,12
HS200814-VI12,48,16,64
HS200814-VI13,30,21,51
HS200814-VI14,2,3,5
HS200814-VI15,0,0,0
HS200814-VI16,1,6,7
HS200814-VI17,31,5,36
HS200814-VI18,19,8,27
HS200814-VI19,17,6,23
HS200814-VI20,53,12,65
HS200814-VI21,51,1,52
HS200814-VI22,43,4,47
HS200814-VI23,75,6,81
HS200814-VI24,26,1,27
HS200814-VI25,1,0,1
HS200814-VI26,0,0,0
HS200814-VI27,0,2,2
HS200814-VI28,74,1,75
HS200815-B01,0,0,0
HS200815-B02,0,0,0
HS200815-B03,0,0,0
HS200815-B04,0,0,0
HS200815-B05,0,0,0
HS200815-B06,0,0,0
HS200815-B07,0,0,0
HS200815-B08,0,0,0
HS200815-DE01,1,0,1
HS200815-DE02,5,0,5
HS200815-DE03,0,0,0
HS200815-DE04,1,0,1
HS200815-DE05,2,1,3
HS200815-DE06,0,0,0
HS200815-EP04,0,0,0
HS200815-EP05,0,0,0
HS200815-EP06,0,0,0
HS200815-EP07,0,0,0
HS200815-FI01,0,0,0
HS200815-FI02,1,0,1
HS200815-FI03,1,0,1
HS200815-FI04,3,0,3
HS200815-FI05,0,0,0
HS200815-FI06,0,0,0
HS200815-FI07,0,0,0
HS200815-FI08,0,0,0
HS200815-GS01,0,0,0
HS200815-GS02,0,0,0
HS200815-GS03,1,0,1
HS200815-GS04,1,0,1
HS200815-GS05,0,0,0
HS200815-GS06,0,0,0
HS200815-GS07,3,0,3
HS200815-GS11,0,0,0
HS200815-GS12,0,0,0
HS200815-GS13,0,0,0
HS200815-GS15,1,0,1
HS200815-GS16,0,0,0
HS200815-GS17,1,0,1
HS200815-GS18,0,0,0
HS200815-GS19,1,0,1
HS200815-GS20,0,0,0
HS200815-H01,0,0,0
HS200815-H02,0,0,0
HS200815-H03,0,0,0
HS200815-H04,0,0,0
HS200815-H05,0,0,0
HS200815-H06,0,0,0
HS200815-IBC01,0,0,0
HS200815-IBC02,32,0,32
HS200815-IBC03,13,0,13
HS200815-IBC04,11,1,12
HS200815-IBC05,9,0,9
HS200815-IBC06,0,0,0
HS200815-IBC07,2,0,2
HS200815-IBC08,2,2,4
HS200815-IBC09,4,0,4
HS200815-IBC10,27,0,27
HS200815-IBC11,0,0,0
HS200815-IBC12,1,0,1
HS200815-IBC13,0,0,0
HS200815-IBC14,0,0,0
HS200815-IBC15,0,0,0
HS200815-IBC16,2,0,2
HS200815-IBC17,3,0,3
HS200815-IBC18,2,0,2
HS200815-IBC19,2,0,2
HS200815-IBC20,2,0,2
HS200815-IBC21,63,0,63
HS200815-IBC22,8,0,8
HS200815-IBC23,0,0,0
HS200815-IBC24,1,0,1
HS200815-IBC25,7,0,7
HS200815-IBC26,16,0,16
HS200815-ISEA01,4,1,5
HS200815-ISEA02,1,0,1
HS200815-ISEA03,0,0,0
HS200815-ISEA04,0,0,0
HS200815-ISEA05,1,0,1
HS200815-ISEA06,6,0,6
HS200815-ISEA07,2,0,2
HS200815-ISEA08,68,2,70
HS200815-ISEA09,35,0,35
HS200815-ISEA10,62,0,62
HS200815-ISEA11,11,0,11
HS200815-ISEA12,0,0,0
HS200815-ISEA13,0,0,0
HS200815-ISEA14,0,0,0
HS200815-ISEA15,0,0,0
HS200815-ISEA16,0,0,0
HS200815-ISEA17,0,0,0
HS200815-ISEA18,0,0,0
HS200815-ISEA19,0,0,0
HS200815-ISEA20,0,0,0
HS200815-ISEA21,63,0,63
HS200815-ISEA22,0,0,0
HS200815-ISEA23,0,0,0
HS200815-ISEA24,0,0,0
HS200815-ISEA25,0,0,0
HS200815-ISEA26,0,0,0
HS200815-ISEA27,0,0,0
HS200815-ISEA28,3,3,6
HS200815-ISEA29,0,1,1
HS200815-ISEA30,0,0,0
HS200815-ISEA31,0,0,0
HS200815-ISEA32,0,0,0
HS200815-ISEA33,0,0,0
HS200815-ISEA34,0,0,0
HS200815-ISEA35,0,0,0
HS200815-ISEA36,0,0,0
HS200815-ISEA37,3,0,3
HS200815-IVI01,12,0,12
HS200815-IVI02,22,0,22
HS200815-IVI03,1,0,1
HS200815-IVI04,40,0,40
HS200815-IVI05,0,0,0
HS200815-IVI06,5,0,5
HS200815-IVI07,71,0,71
HS200815-IVI08,4,0,4
HS200815-IVI09,1,0,1
HS200815-IVI10,5,0,5
HS200815-IVI11,3,0,3
HS200815-IVI12,48,0,48
HS200815-IVI13,5,0,5
HS200815-IVI14,11,0,11
HS200815-IVI15,14,0,14
HS200815-IVI16,101,0,101
HS200815-IVI17,36,0,36
HS200815-IVI18,176,0,176
HS200815-IVI19,46,0,46
HS200815-IVI20,0,0,0
HS200815-IVI21,4,0,4
HS200815-IVI22,14,0,14
HS200815-JF01,7,1,8
HS200815-JF02,0,0,0
HS200815-JF03,0,0,0
HS200815-JF04,1,0,1
HS200815-JF05,6,0,6
HS200815-JF06,2,0,2
HS200815-JF07,3,0,3
HS200815-JS01,2,0,2
HS200815-JS02,0,0,0
HS200815-JS03,1,0,1
HS200815-QCST01,9,0,9
HS200815-QCST02,1,0,1
HS200815-QCST03,0,0,0
HS200815-QCST04,1,0,1
HS200815-T01,0,0,0
HS200815-T02,0,0,0
HS200815-T03,0,0,0
HS200815-T04,0,0,0
HS200815-VI01,0,0,0
HS200815-VI02,0,0,0
HS200815-VI03,21,0,21
HS200815-VI04,2,0,2
HS200815-VI05,3,0,3
HS200815-VI06,0,0,0
HS200901-DE01,0,0,0
HS200901-DE02,0,0,0
HS200901-DE03,0,0,0
HS200901-DE04,0,0,0
HS200901-DE05,0,0,0
HS200901-DE06,0,0,0
HS200901-EP02,6,0,6
HS200901-EP03,2,0,2
HS200901-EP04,0,0,0
HS200901-EP05,0,0,0
HS200901-EP06,0,0,0
HS200901-EP07,0,0,0
HS200901-FI01,1,0,1
HS200901-FI02,0,0,0
HS200901-FI03,0,0,0
HS200901-FI04,0,0,0
HS200901-FI05,0,0,0
HS200901-FI06,0,0,0
HS200901-FI07,0,0,0
HS200901-GS01,0,0,0
HS200901-GS02,1,0,1
HS200901-GS03,3,0,3
HS200901-GS04,0,0,0
HS200901-GS05,0,0,0
HS200901-GS06,0,0,0
HS200901-GS07,0,0,0
HS200901-GS08,1,0,1
HS200901-GS09,0,0,0
HS200901-GS10,0,0,0
HS200901-GS11,1,0,1
HS200901-GS12,0,0,0
HS200901-GS13,1,0,1
HS200901-GS14,4,1,5
HS200901-GS15,1,0,1
HS200901-GS16,0,0,0
HS200901-GS17,1,0,1
HS200901-GS18,1,0,1
HS200901-GS19,0,0,0
HS200901-GS20,0,0,0
HS200901-GS21,0,0,0
HS200901-GS22,0,0,0
HS200901-GS23,5,0,5
HS200901-GS24,3,0,3
HS200901-GS25,0,0,0
HS200901-GS26,0,0,0
HS200901-GS27,0,0,0
HS200901-GS28,1,0,1
HS200901-GS29,0,0,0
HS200901-GS30,5,0,5
HS200901-GS31,0,0,0
HS200901-GS32,0,0,0
HS200901-GS33,1,0,1
HS200901-H01,0,0,0
HS200901-H02,0,0,0
HS200901-H03,0,0,0
HS200901-H04,0,0,0
HS200901-H05,0,0,0
HS200901-H06,0,0,0
HS200901-IBC02,0,0,0
HS200901-IBC03,0,0,0
HS200901-IBC04,0,0,0
HS200901-IBC05,1,0,1
HS200901-IBC06,0,0,0
HS200901-IBC07,0,0,0
HS200901-IBC08,0,0,0
HS200901-IBC09,0,0,0
HS200901-IBC10,0,0,0
HS200901-IBC11,0,0,0
HS200901-IBC12,0,0,0
HS200901-ISEA01,2,0,2
HS200901-ISEA02,0,0,0
HS200901-ISEA03,0,0,0
HS200901-ISEA04,0,0,0
HS200901-ISEA05,0,0,0
HS200901-ISEA06,0,0,0
HS200901-ISEA07,0,0,0
HS200901-ISEA08,0,0,0
HS200901-ISEA09,3,1,4
HS200901-ISEA10,17,0,17
HS200901-ISEA11,3,0,3
HS200901-ISEA12,3,1,4
HS200901-ISEA13,4,0,4
HS200901-ISEA14,3,0,3
HS200901-ISEA15,21,0,21
HS200901-ISEA16,105,0,105
HS200901-ISEA17,46,1,47
HS200901-ISEA18,0,0,0
HS200901-ISEA19,0,1,1
HS200901-ISEA20,0,0,0
HS200901-ISEA21,0,0,0
HS200901-IVI01,65,2,67
HS200901-IVI02,19,2,21
HS200901-IVI03,40,0,40
HS200901-IVI04,68,1,69
HS200901-IVI05,1,0,1
HS200901-IVI06,0,0,0
HS200901-IVI07,0,0,0
HS200901-IVI08,1,0,1
HS200901-IVI09,5,0,5
HS200901-IVI10,8,0,8
HS200901-IVI11,0,0,0
HS200901-IVI12,0,0,0
HS200901-IVI13,3,0,3
HS200901-IVI14,9,0,9
HS200901-IVI15,4,0,4
HS200901-JF01,0,0,0
HS200901-JF02,1,0,1
HS200901-JF03,6,1,7
HS200901-JF04,0,0,0
HS200901-JF05,10,1,11
HS200901-JF06,19,0,19
HS200901-JS01,0,0,0
HS200901-JS02,0,0,0
HS200901-JS03,0,0,0
HS200901-QCSD01,0,0,0
HS200901-QCST01,0,0,0
HS200901-QCST02,3,0,3
HS200901-QCST03,0,0,0
HS200901-T01,0,0,0
HS200901-T02,0,0,0
HS200901-T03,0,0,0
HS200901-T04,0,0,0
HS200901-T05,0,0,0
HS200901-T06,0,0,0
HS200901-T07,0,0,0
HS200901-VI01,14,2,16
HS200901-VI02,0,0,0
HS200901-VI03,2,1,3
HS200901-VI04,0,0,0
HS200901-VI05,0,0,0
HS200901-VI06,5,0,5
HS200901-VI07,4,2,6
HS200901-VI08,1,0,1
HS200901-VI09,5,0,5
HS200901-VI10,6,0,6
HS200901-VI11,0,0,0
HS200901-VI12,0,0,0
HS200901-VI13,0,0,0
HS200901-VI14,0,0,0
HS200901-VI15,3,0,3
HS200901-VI16,3,0,3
HS200901-VI17,0,0,0
HS200901-VI18,0,0,0
HS200901-VI19,0,0,0
HS200941-D04,1,0,1
HS200941-D05,0,0,0
HS200941-D06,0,0,0
HS200941-DE01,0,1,1
HS200941-DE02,1,0,1
HS200941-DE03,0,1,1
HS200941-DE04,0,0,0
HS200941-DE05,0,0,0
HS200941-DE06,0,0,0
HS200941-DT01,0,2,2
HS200941-DT02,2,0,2
HS200941-DT03,0,0,0
HS200941-DT04,3,1,4
HS200941-DT05,4,3,7
HS200941-DT06,0,1,1
HS200941-EP01,10,4,14
HS200941-EP02,2,4,6
HS200941-EP03,13,2,15
HS200941-EP04,1,0,1
HS200941-EP05,1,0,1
HS200941-EP06,0,0,0
HS200941-H02,3,1,4
HS200941-H03,6,1,7
HS200941-H04,11,0,11
HS200941-H05,9,3,12
HS200941-H06,7,0,7
HS200941-H07,30,0,30
HS200941-HS01,10,3,13
HS200941-HS02,23,1,24
HS200941-IVI01,15,3,18
HS200941-IVI02,9,7,16
HS200941-IVI03,0,2,2
HS200941-IVI04,4,1,5
HS200941-IVI05,1,1,2
HS200941-IVI06,0,0,0
HS200941-IVI07,0,3,3
HS200941-JF01,0,0,0
HS200941-JF02,0,0,0
HS200941-JF03,0,6,6
HS200941-JF04,4,7,11
HS200941-JF05,19,22,41
HS200941-JF06,6,29,35
HS200941-QCI01,1,1,2
HS200941-QCI02,3,1,4
HS200941-QCI03,3,3,6
HS200941-QCI04,2,1,3
HS200941-QCI05,1,5,6
HS200941-QCI06,0,1,1
HS200941-QCI07,2,0,2
HS200941-QCI08,2,8,10
HS200941-QCI09,9,0,9
HS200941-QCI10,6,1,7
HS200941-QCI11,4,0,4
HS200941-QCI12,0,0,0
HS200941-QCI13,0,0,0
HS200941-QCI14,1,0,1
HS200941-QCI15,0,0,0
HS200941-QCI16,5,0,5
HS200941-QCI17,6,0,6
HS200941-QCI18,0,1,1
HS200941-QCI19,0,0,0
HS200941-QCSD01,0,1,1
HS200941-QCST01,0,0,0
HS200941-QCST02,0,0,0
HS200941-QCST03,0,0,0
HS200941-QCST04,0,0,0
HS200941-QCST05,1,0,1
HS200941-QCST06,0,0,0
HS200941-QCST07,0,0,0
HS200941-T01,0,1,1
HS200941-T02,0,0,0
HS200941-T03,0,0,0
HS200941-T04,0,0,0
HS200941-T05,1,0,1
HS200941-T06,12,0,12
HS200941-T07,4,1,5
HS200941-VI01,2,3,5
HS200941-VI02,0,4,4
HS200941-VI03,9,27,36
HS200941-VI04,0,0,0
HS200941-VI05,5,4,9
HS200941-VI06,0,0,0
HS200941-VI07,12,7,19
HS200941-VI08,13,2,15
HS200941-VI09,4,0,4
HS200941-VI10,0,0,0
HS200941-VI11,0,0,0
HS200941-VI12,2,0,2
HS200941-VI13,0,1,1
HS200941-VI14,0,2,2
HS200941-VI15,6,23,29
HS200941-VI16,4,13,17
HS200941-VI17,10,3,13
HS200941-VI18,11,10,21
HS200941-VI19,5,12,17
HS200946-DE01,7,0,7
HS200946-DE02,3,0,3
HS200946-DE03,1,0,1
HS200946-DE04,0,0,0
HS200946-DE05,2,0,2
HS200946-DE06,4,0,4
HS200946-EP01,1,0,1
HS200946-EP02,0,0,0
HS200946-EP03,0,0,0
HS200946-EP04,0,0,0
HS200946-EP05,0,0,0
HS200946-EP06,0,0,0
HS200946-H02,0,0,0
HS200946-H03,0,0,0
HS200946-H04,0,0,0
HS200946-H05,0,0,0
HS200946-H06,0,0,0
HS200946-H07,0,0,0
HS200946-HS01,2,0,2
HS200946-IBC01,11,0,11
HS200946-IBC02,4,0,4
HS200946-IBC03,4,0,4
HS200946-IBC04,3,0,3
HS200946-IBC05,1,0,1
HS200946-IBC06,15,0,15
HS200946-IBC07,1,1,2
HS200946-IBC08,0,0,0
HS200946-IBC09,11,0,11
HS200946-IBC10,3,4,7
HS200946-IBC11,7,2,9
HS200946-IBC12,6,5,11
HS200946-IBC13,10,2,12
HS200946-IBC14,2,0,2
HS200946-IBC15,3,0,3
HS200946-IBC16,0,0,0
HS200946-IBC17,2,0,2
HS200946-IBC18,3,0,3
HS200946-IBC19,0,0,0
HS200946-IBC20,0,0,0
HS200946-IBC21,3,0,3
HS200946-IBC22,0,0,0
HS200946-IBC23,21,0,21
HS200946-IBC24,10,1,11
HS200946-IBC25,13,1,14
HS200946-IBC26,1,0,1
HS200946-IBC27,0,0,0
HS200946-IBC28,0,0,0
HS200946-IBC29,2,4,6
HS200946-IBC30,2,0,2
HS200946-IBC31,0,0,0
HS200946-IBC32,0,0,0
HS200946-IBC33,0,0,0
HS200946-ISEA01,1,0,1
HS200946-ISEA02,0,0,0
HS200946-ISEA03,0,0,0
HS200946-ISEA04,1,0,1
HS200946-ISEA05,0,0,0
HS200946-ISEA06,1,0,1
HS200946-ISEA07,2,0,2
HS200946-ISEA08,0,0,0
HS200946-ISEA09,0,0,0
HS200946-ISEA10,1,0,1
HS200946-ISEA11,1,0,1
HS200946-ISEA12,38,0,38
HS200946-ISEA13,42,0,42
HS200946-ISEA14,4,0,4
HS200946-ISEA15,4,0,4
HS200946-ISEA16,20,1,21
HS200946-ISEA17,0,0,0
HS200946-ISEA18,2,2,4
HS200946-ISEA19,22,0,22
HS200946-ISEA20,3,0,3
HS200946-ISEA21,3,0,3
HS200946-ISEA22,0,0,0
HS200946-ISEA23,1,0,1
HS200946-ISEA24,2,0,2
HS200946-IVI01,0,0,0
HS200946-IVI02,0,0,0
HS200946-IVI03,40,0,40
HS200946-IVI04,63,0,63
HS200946-IVI05,55,0,55
HS200946-IVI06,33,0,33
HS200946-IVI07,60,0,60
HS200946-IVI08,38,0,38
HS200946-IVI09,9,0,9
HS200946-IVI10,4,0,4
HS200946-IVI11,12,3,15
HS200946-IVI12,100,0,100
HS200946-IVI13,51,0,51
HS200946-IVI14,99,0,99
HS200946-IVI15,18,0,18
HS200946-IVI16,0,0,0
HS200946-IVI17,12,0,12
HS200946-IVI18,2,0,2
HS200946-IVI19,0,0,0
HS200946-JF01,1,0,1
HS200946-JF02,2,1,3
HS200946-JF04,0,0,0
HS200946-JF05,0,0,0
HS200946-JF06,0,0,0
HS200946-JS01,0,0,0
HS200946-QCST01,0,1,1
HS200946-QCST02,0,0,0
HS200946-QCST03,3,0,3
HS200946-QCST04,1,0,1
HS200946-QCST05,0,0,0
HS200946-QCST06,0,0,0
HS200946-QCST07,0,0,0
HS200946-QCST08,0,0,0
HS200946-T01,0,0,0
HS200946-T04,0,0,0
HS200946-T05,0,0,0
HS200946-T06,0,0,0
HS200946-T07,0,0,0
HS200946-VI01,0,0,0
HS200946-VI02,0,0,0
HS200946-VI03,0,7,7
HS200946-VI04,0,4,4
HS200946-VI05,0,0,0
HS200946-VI06,0,0,0
HS200946-VI07,0,0,0
HS200946-VI08,0,0,0
HS200946-VI09,0,0,0
HS200946-VI10,0,0,0
HS200946-VI11,0,0,0
HS200946-VI12,0,0,0
HS200946-VI13,0,0,0
HS200946-VI14,4,0,4
HS200946-VI15,0,0,0
HS200946-VI16,0,0,0
HS200946-VI17,0,0,0
HS200946-VI18,0,0,0
HS200946-VI19,0,0,0
HS200946-VI20,0,0,0
HS201003-DE01,0,0,0
HS201003-DE02,1,0,1
HS201003-DE03,0,0,0
HS201003-DE04,0,0,0
HS201003-DE05,0,0,0
HS201003-DE06,0,0,0
HS201003-EP01,3,0,3
HS201003-EP02,0,0,0
HS201003-EP03,0,0,0
HS201003-EP04,0,0,0
HS201003-EP05,0,0,0
HS201003-EP06,0,0,0
HS201003-EP07,0,0,0
HS201003-GS01,0,0,0
HS201003-GS02,0,0,0
HS201003-GS03,0,0,0
HS201003-GS05,2,0,2
HS201003-GS06,1,0,1
HS201003-GS07,6,0,6
HS201003-GS08,0,0,0
HS201003-GS09,1,0,1
HS201003-GS10,0,0,0
HS201003-GS11,0,0,0
HS201003-GS12,0,0,0
HS201003-GS13,0,0,0
HS201003-GS14,0,0,0
HS201003-GS15,2,0,2
HS201003-GS16,5,0,5
HS201003-GS17,4,0,4
HS201003-GS18,0,0,0
HS201003-GS19,0,0,0
HS201003-GS20,0,0,0
HS201003-GS21,0,0,0
HS201003-GS22,0,1,1
HS201003-GS23,0,0,0
HS201003-GS24,1,0,1
HS201003-GS25,0,0,0
HS201003-GS26,0,0,0
HS201003-GS27,0,0,0
HS201003-GS28,0,0,0
HS201003-GS29,0,0,0
HS201003-GS30,0,0,0
HS201003-GS31,0,1,1
HS201003-GS32,0,0,0
HS201003-GS33,0,0,0
HS201003-GS34,0,0,0
HS201003-GS35,0,0,0
HS201003-GS36,1,0,1
HS201003-GS37,1,0,1
HS201003-GS38,0,1,1
HS201003-GS39,0,0,0
HS201003-GS40,1,1,2
HS201003-GS41,2,1,3
HS201003-GS42,0,0,0
HS201003-GS43,1,0,1
HS201003-GS44,2,0,2
HS201003-GS45,0,2,2
HS201003-GS46,0,0,0
HS201003-GS47,0,0,0
HS201003-GS48,0,0,0
HS201003-GS49,0,0,0
HS201003-GS50,1,0,1
HS201003-GS51,1,0,1
HS201003-GS52,0,0,0
HS201003-GS53,1,0,1
HS201003-GS54,8,0,8
HS201003-H01,0,0,0
HS201003-H02,0,0,0
HS201003-H03,0,0,0
HS201003-H04,0,0,0
HS201003-H05,0,0,0
HS201003-H06,0,0,0
HS201003-HS01,0,0,0
HS201003-HS02,0,0,0
HS201003-HS03,0,0,0
HS201003-HS04,0,0,0
HS201003-IBC01,7,1,8
HS201003-IBC02,5,0,5
HS201003-IBC03,0,0,0
HS201003-IBC04,2,0,2
HS201003-IBC05,0,0,0
HS201003-IBC06,2,0,2
HS201003-IBC07,0,0,0
HS201003-IBC08,0,0,0
HS201003-IBC09,1,0,1
HS201003-IBC10,2,0,2
HS201003-IBC11,1,0,1
HS201003-IBC12,0,0,0
HS201003-IBC13,0,0,0
HS201003-IBC14,0,0,0
HS201003-IBC15,0,0,0
HS201003-IBC16,0,2,2
HS201003-IBC17,0,0,0
HS201003-IBC18,0,0,0
HS201003-IBC20,0,0,0
HS201003-IBC21,0,0,0
HS201003-IBC22,0,0,0
HS201003-IBC24,2,0,2
HS201003-IBC25,0,0,0
HS201003-IBC26,0,0,0
HS201003-IBC27,1,0,1
HS201003-IBC28,0,0,0
HS201003-IBC29,0,0,0
HS201003-IBC30,1,0,1
HS201003-IBC31,0,0,0
HS201003-IBC32,0,0,0
HS201003-IBC33,0,0,0
HS201003-ISEA01,1,0,1
HS201003-ISEA02,8,1,9
HS201003-ISEA03,3,1,4
HS201003-ISEA04,10,0,10
HS201003-ISEA05,21,0,21
HS201003-ISEA06,3,0,3
HS201003-ISEA07,1,0,1
HS201003-ISEA08,19,0,19
HS201003-ISEA09,21,0,21
HS201003-ISEA10,0,0,0
HS201003-ISEA11,0,0,0
HS201003-ISEA12,0,0,0
HS201003-ISEA13,0,0,0
HS201003-ISEA14,1,0,1
HS201003-ISEA15,1,0,1
HS201003-ISEA16,0,0,0
HS201003-ISEA17,1,0,1
HS201003-ISEA18,1,0,1
HS201003-ISEA19,0,0,0
HS201003-IVI01,1,0,1
HS201003-IVI02,13,1,14
HS201003-IVI03,62,3,65
HS201003-IVI04,11,0,11
HS201003-IVI05,1,0,1
HS201003-IVI06,0,0,0
HS201003-IVI07,0,0,0
HS201003-IVI08,0,0,0
HS201003-IVI09,1,0,1
HS201003-IVI10,0,0,0
HS201003-IVI11,0,0,0
HS201003-IVI12,6,1,7
HS201003-IVI13,0,0,0
HS201003-IVI14,0,0,0
HS201003-IVI15,0,0,0
HS201003-IVI16,4,0,4
HS201003-IVI17,12,0,12
HS201003-IVI18,8,0,8
HS201003-IVI19,6,0,6
HS201003-IVI20,1,0,1
HS201003-IVI21,0,0,0
HS201003-IVI22,6,0,6
HS201003-IVI23,8,0,8
HS201003-IVI24,2,0,2
HS201003-IVI25,16,0,16
HS201003-IVI26,7,1,8
HS201003-JF01,0,0,0
HS201003-JF02,25,7,32
HS201003-JFA01,0,4,4
HS201003-JFA02,17,5,22
HS201003-JFA03,9,9,18
HS201003-JFA04,3,0,3
HS201003-JFA05,0,0,0
HS201003-JFA06,2,2,4
HS201003-JS01,1,0,1
HS201003-JS02,2,0,2
HS201003-JS03,1,0,1
HS201003-PS01,17,2,19
HS201003-PS02,19,0,19
HS201003-PS03,13,1,14
HS201003-PS04,10,1,11
HS201003-PS05,2,0,2
HS201003-PS06,3,0,3
HS201003-PS07,1,2,3
HS201003-PS08,0,0,0
HS201003-PS09,4,0,4
HS201003-PS11,1,0,1
HS201003-PS12,49,0,49
HS201003-PS13,65,0,65
HS201003-PS14,26,0,26
HS201003-QCST01,0,0,0
HS201003-QCST02,0,0,0
HS201003-QCST03,1,0,1
HS201003-QCST04,2,0,2
HS201003-QCST05,1,0,1
HS201003-QCST06,1,0,1
HS201003-T01,0,0,0
HS201003-T02,0,0,0
HS201003-T03,0,0,0
HS201003-T04,0,0,0
HS201003-T05,0,0,0
HS201003-T06,0,0,0
HS201003-T07,0,0,0
HS201003-VI01,10,0,10
HS201003-VI02,9,2,11
HS201003-VI03,6,0,6
HS201003-VI04,0,0,0
HS201003-VI05,0,0,0
HS201003-VI06,0,0,0
HS201003-VI07,0,0,0
HS201003-VI08,0,0,0
HS201003-VI09,0,0,0
HS201003-VI10,19,0,19
HS201003-VI11,1,0,1
HS201003-VI12,1,0,1
HS201003-VI13,1,0,1
HS201003-VI14,0,0,0
HS201003-VI15,8,0,8
HS201003-VI16,2,0,2
HS201017-DE01,0,2,2
HS201017-DE02,0,1,1
HS201017-DE03,0,1,1
HS201017-DE04,0,1,1
HS201017-DE05,0,0,0
HS201017-DE06,0,1,1
HS201017-DT01,1,0,1
HS201017-DT02,0,2,2
HS201017-DT03,0,0,0
HS201017-DT04,1,0,1
HS201017-DT05,0,0,0
HS201017-DT06,1,0,1
HS201017-DT07,2,0,2
HS201017-DT08,0,1,1
HS201017-EP01,4,12,16
HS201017-EP02,4,8,12
HS201017-EP03,9,24,33
HS201017-EP04,32,0,32
HS201017-EP05,19,5,24
HS201017-EP06,0,1,1
HS201017-EP07,0,0,0
HS201017-H01,2,0,2
HS201017-H02,4,0,4
HS201017-H03,3,0,3
HS201017-H04,0,0,0
HS201017-H05,0,0,0
HS201017-H06,0,0,0
HS201017-HS01,0,0,0
HS201017-HS02,2,0,2
HS201017-IVI01,3,9,12
HS201017-IVI02,0,1,1
HS201017-IVI03,0,1,1
HS201017-IVI04,0,3,3
HS201017-IVI05,0,0,0
HS201017-IVI06,0,0,0
HS201017-IVI07,1,0,1
HS201017-JF01,0,1,1
HS201017-JF02,3,12,15
HS201017-JF03,0,5,5
HS201017-JF04,5,4,9
HS201017-JF05,4,2,6
HS201017-JF06,13,19,32
HS201017-JF07,33,36,69
HS201017-Q01,0,0,0
HS201017-Q02,0,2,2
HS201017-Q04,0,0,0
HS201017-Q05,0,0,0
HS201017-Q06,0,0,0
HS201017-Q07,0,1,1
HS201017-Q08,0,0,0
HS201017-Q09,1,0,1
HS201017-Q10,1,0,1
HS201017-QCI01,0,1,1
HS201017-QCI02,0,0,0
HS201017-QCI03,2,0,2
HS201017-QCI04,0,0,0
HS201017-QCI05,2,1,3
HS201017-QCI06,2,1,3
HS201017-QCI07,13,0,13
HS201017-QCI08,7,2,9
HS201017-QCI09,1,0,1
HS201017-QCI10,0,0,0
HS201017-QCI11,0,0,0
HS201017-QCI12,0,0,0
HS201017-QCST01,0,0,0
HS201017-QCST02,0,0,0
HS201017-QCST03,0,0,0
HS201017-QCST04,0,0,0
HS201017-QCST05,1,0,1
HS201017-T01,0,0,0
HS201017-T02,0,0,0
HS201017-T03,0,0,0
HS201017-T04,0,0,0
HS201017-T05,1,0,1
HS201017-T06,2,0,2
HS201017-T07,18,0,18
HS201017-T08,0,1,1
HS201017-VI01,1,7,8
HS201017-VI02,2,1,3
HS201017-VI03,0,2,2
HS201017-VI04,0,0,0
HS201017-VI05,3,0,3
HS201017-VI06,1,0,1
HS201017-VI07,0,0,0
HS201017-VI08,0,3,3
HS201017-VI09,1,3,4
HS201017-VI10,5,5,10
HS201017-VI11,0,0,0
HS201017-VI12,0,10,10
HS201017-VI13,4,0,4
HS201017-VI14,1,8,9
HS201017-VI15,0,0,0
HS201017-VI16,0,3,3
HS201017-VI17,3,4,7
HS201017-VI18,5,12,17
HS201017-VI19,8,9,17
HS201017-VI20,12,2,14
HS201017-VI21,6,6,12
HS201017-VI22,6,5,11
HS201017-VI23,15,4,19
HS201017-VI24,0,0,0
HS201017-VI25,50,14,64
HS201017-VI26,16,3,19
HS201017-VI27,6,1,7
HS201017-VI28,0,3,3
HS201017-VI29,20,7,27
HS201018-IBC42,0,0,0
HS201018-IBC43,10,0,10
HS201018-IBC44,4,3,7
HS201018-IBC45,5,1,6
HS201018-IBC46,0,1,1
HS201018-IBC47,1,0,1
HS201018-IBC48,0,0,0
HS201018-IBC49,0,1,1
HS201018-IBC50,3,0,3
HS201018-IBC51,0,0,0
HS201018-IBC52,0,0,0
HS201018-IBC53,0,0,0
HS201018-IBC54,0,0,0
HS201018-IBC55,3,0,3
HS201018-IBC56,0,0,0
HS201018-IBC57,0,0,0
HS201018-IBC58,0,0,0
HS201018-IBC59,0,0,0
HS201018-ISEA01,1,0,1
HS201018-ISEA02,0,0,0
HS201018-ISEA03,0,0,0
HS201018-ISEA04,1,0,1
HS201018-ISEA05,13,0,13
HS201018-ISEA06,3,0,3
HS201018-DE01,9,1,10
HS201018-DE02,0,0,0
HS201018-DE03,0,0,0
HS201018-DE04,0,1,1
HS201018-DE05,0,0,0
HS201018-DE06,0,0,0
HS201018-EP01,3,0,3
HS201018-EP02,0,0,0
HS201018-EP03,0,0,0
HS201018-EP04,0,0,0
HS201018-EP05,0,0,0
HS201018-EP06,0,0,0
HS201018-IBC01,0,0,0
HS201018-IBC02,0,0,0
HS201018-IBC03,0,0,0
HS201018-IBC04,1,0,1
HS201018-IBC05,0,0,0
HS201018-IBC06,0,0,0
HS201018-IBC07,7,0,7
HS201018-IBC08,3,0,3
HS201018-IBC09,1,0,1
HS201018-IBC10,0,0,0
HS201018-IBC11,5,0,5
HS201018-IBC12,4,0,4
HS201018-IBC13,8,0,8
HS201018-IBC14,17,0,17
HS201018-IBC15,0,0,0
HS201018-IBC16,0,0,0
HS201018-IBC17,0,0,0
HS201018-IBC18,0,0,0
HS201018-IBC19,0,0,0
HS201018-IBC20,4,1,5
HS201018-IBC21,7,0,7
HS201018-IBC22,1,1,2
HS201018-IBC23,1,0,1
HS201018-IBC24,4,0,4
HS201018-IBC25,1,1,2
HS201018-IBC26,2,0,2
HS201018-IBC27,2,0,2
HS201018-IBC28,2,0,2
HS201018-IBC29,8,0,8
HS201018-IBC30,0,0,0
HS201018-IBC31,3,0,3
HS201018-IBC32,0,0,0
HS201018-IBC33,14,0,14
HS201018-IBC34,15,0,15
HS201018-IBC35,1,0,1
HS201018-IBC36,9,0,9
HS201018-IBC37,19,0,19
HS201018-IBC38,1,0,1
HS201018-IBC39,0,0,0
HS201018-IBC40,0,0,0
HS201018-IBC41,0,0,0
HS201018-ISEA07,0,0,0
HS201018-ISEA08,1,0,1
HS201018-ISEA09,0,0,0
HS201018-ISEA10,0,0,0
HS201018-ISEA11,4,0,4
HS201018-ISEA12,2,1,3
HS201018-ISEA13,51,0,51
HS201018-ISEA14,32,1,33
HS201018-ISEA15,3,3,6
HS201018-ISEA16,26,0,26
HS201018-ISEA17,4,1,5
HS201018-ISEA18,4,0,4
HS201018-ISEA19,5,1,6
HS201018-ISEA20,8,1,9
HS201018-ISEA21,29,0,29
HS201018-ISEA22,103,2,105
HS201018-ISEA23,6,1,7
HS201018-ISEA24,0,0,0
HS201018-ISEA25,0,0,0
HS201018-ISEA26,0,0,0
HS201018-ISEA27,0,0,0
HS201018-IVI01,12,0,12
HS201018-IVI02,17,0,17
HS201018-IVI03,0,0,0
HS201018-IVI04,54,0,54
HS201018-IVI05,53,0,53
HS201018-IVI06,33,0,33
HS201018-IVI07,15,0,15
HS201018-IVI08,11,0,11
HS201018-IVI09,95,2,97
HS201018-IVI10,15,7,22
HS201018-JF01,1,0,1
HS201018-JF02,0,0,0
HS201018-JF03,0,0,0
HS201018-JF04,0,1,1
HS201018-JF05,3,1,4
HS201018-JF06,1,0,1
HS201018-JS01,1,0,1
HS201018-JS02,4,0,4
HS201018-JS03,2,0,2
HS201018-QCI01,0,0,0
HS201018-QCI02,0,0,0
HS201018-QCI03,0,0,0
HS201018-QCSD01,0,0,0
HS201018-QCSD02,0,0,0
HS201018-QCSD03,0,0,0
HS201018-QCSD04,1,0,1
HS201018-QCSD05,0,0,0
HS201018-QCSD06,0,0,0
HS201018-QCSD07,4,0,4
HS201018-QCST01,10,0,10
HS201018-QCST02,0,0,0
HS201018-QCST03,0,0,0
HS201018-QCST04,1,0,1
HS201018-QCST05,0,0,0
HS201018-QCST06,3,0,3
HS201018-QCST07,1,0,1
HS201018-QCST08,1,0,1
HS201018-QCST09,3,0,3
HS201018-QCST10,0,0,0
HS201018-QCST11,0,0,0
HS201018-QCST12,1,0,1
HS201018-QCST13,0,0,0
HS201018-QCST14,0,0,0
HS201018-T01B,0,0,0
HS201018-T02B,0,0,0
HS201018-T03B,0,0,0
HS201018-T04B,0,0,0
HS201018-T05B,0,0,0
HS201018-T06,0,0,0
HS201018-T06B,0,0,0
HS201018-T07,0,0,0
HS201018-T07B,0,0,0
HS201018-VI02,0,0,0
HS201018-VI03,0,0,0
HS201018-VI04,0,0,0
HS201018-VI05,0,0,0
HS201018-VI06,0,0,0
HS201018-VI07,0,0,0
HS201018-VI08,1,0,1
HS201018-VI09,0,0,0
HS201018-VI10,1,0,1
HS201018-VI11,1,0,1
HS201018-VI12,1,0,1
HS201018-VI13,0,0,0
HS201018-VI14,0,0,0
HS201018-VI15,1,0,1
HS201018-VI16,1,0,1
HS201018-VI17,1,0,1
HS201018-VI18,0,0,0
HS201018-VI19,0,0,0
HS201018-VI20,0,0,0
HS201018-VI21,0,0,0
HS201102-EP01,11,1,12
HS201102-EP02,4,0,4
HS201102-EP03,2,0,2
HS201102-EP04,1,0,1
HS201102-EP05,0,0,0
HS201102-EP06,0,0,0
HS201102-GS01,2,0,2
HS201102-GS02,0,0,0
HS201102-GS04,0,0,0
HS201102-GS05,3,0,3
HS201102-GS06,4,0,4
HS201102-GS07,0,0,0
HS201102-GS08,0,0,0
HS201102-GS09,0,0,0
HS201102-GS10,1,0,1
HS201102-GS11,0,0,0
HS201102-GS12,1,0,1
HS201102-GS13,1,0,1
HS201102-GS14,4,0,4
HS201102-GS15,0,0,0
HS201102-GS16,0,0,0
HS201102-GS17,0,0,0
HS201102-GS18,1,0,1
HS201102-GS19,0,0,0
HS201102-GS20,1,0,1
HS201102-GS21,0,0,0
HS201102-GS22,3,0,3
HS201102-GS25,0,0,0
HS201102-GS26,0,0,0
HS201102-GS27,0,0,0
HS201102-GS28,0,0,0
HS201102-GS29,0,0,0
HS201102-GS30,1,0,1
HS201102-GS31,0,0,0
HS201102-GS32,0,0,0
HS201102-GS33,0,0,0
HS201102-GS34,0,0,0
HS201102-GS35,0,0,0
HS201102-GS36,1,0,1
HS201102-GS38,0,0,0
HS201102-GS39,0,0,0
HS201102-GS40,0,0,0
HS201102-GS41,0,0,0
HS201102-GS42,1,0,1
HS201102-GS43,0,0,0
HS201102-GS44,0,0,0
HS201102-GS45,0,0,0
HS201102-GS46,0,0,0
HS201102-GS47,0,0,0
HS201102-GS48,0,0,0
HS201102-GS49,0,0,0
HS201102-GS50,1,0,1
HS201102-GS51,0,0,0
HS201102-GS52,0,0,0
HS201102-GS53,0,0,0
HS201102-GS54,0,0,0
HS201102-GS55,0,0,0
HS201102-GS56,0,0,0
HS201102-GS57,0,0,0
HS201102-GS58,0,0,0
HS201102-GS59,0,0,0
HS201102-GS60,0,0,0
HS201102-GS61,0,0,0
HS201102-GS62,1,0,1
HS201102-GS63,0,0,0
HS201102-GS64,0,0,0
HS201102-GS65,0,0,0
HS201102-GS66,0,0,0
HS201102-GS67,0,0,0
HS201102-IVI01,3,0,3
HS201102-IVI02,0,0,0
HS201102-IVI03,0,0,0
HS201102-IVI04,0,0,0
HS201102-IVI05,0,0,0
HS201102-IVI06,0,0,0
HS201102-IVI07,5,0,5
HS201102-IVI08,0,0,0
HS201102-IVI09,3,0,3
HS201102-IVI10,52,0,52
HS201102-IVI11,11,0,11
HS201102-IVI12,5,0,5
HS201102-IVI13,1,0,1
HS201102-IVI14,1,0,1
HS201102-IVI15,1,0,1
HS201102-IVI16,0,0,0
HS201102-IVI17,34,1,35
HS201102-IVI18,0,0,0
HS201102-IVI19,1,0,1
HS201102-IVI20,0,0,0
HS201102-IVI21,0,0,0
HS201102-IVI22,3,0,3
HS201102-JF01,2,0,2
HS201102-JF02,7,1,8
HS201102-JF03,5,1,6
HS201102-JF04,25,17,42
HS201102-JF05,17,10,27
HS201102-JF06,29,12,41
HS201102-QCSD01,12,0,12
HS201102-QCSD02,3,0,3
HS201102-QCST01,0,0,0
HS201102-QCST02,0,0,0
HS201102-QCST03,0,0,0
HS201102-QCST04,2,0,2
HS201102-QCST05,3,0,3
HS201102-QCST06,0,0,0
HS201102-QCST07,0,0,0
HS201102-QCST08,0,0,0
HS201102-QCST09,0,0,0
HS201102-QCST10,1,0,1
HS201102-QCST11,0,0,0
HS201102-QCST12,0,0,0
HS201102-QCST13,0,0,0
HS201102-T01,1,0,1
HS201102-T02,0,0,0
HS201102-T03,0,0,0
HS201102-T04,0,0,0
HS201102-T05,0,0,0
HS201102-T06,0,0,0
HS201102-T07,0,0,0
HS201102-VI01,6,0,6
HS201102-VI02,19,1,20
HS201102-VI03,7,0,7
HS201102-VI04,1,0,1
HS201102-VI05,0,0,0
HS201102-VI06,0,0,0
HS201102-VI07,0,0,0
HS201102-VI08,1,0,1
HS201102-VI09,2,0,2
HS201102-VI10,0,0,0
HS201102-VI11,0,0,0
HS201102-VI12,0,0,0
HS201102-VI13,0,0,0
HS201102-VI14,0,0,0
HS201102-VI15,0,0,0
HS201102-VI16,5,0,5
HS201102-VI17,1,0,1
HS201102-VI18,0,0,0
HS201102-VI19,0,0,0
HS201102-VI20,1,0,1
HS201102-VI21,0,0,0
HS201102-VI22,0,0,0
HS201102-VI23,0,0,0
HS201102-VI24,0,0,0
HS201137-D01,0,1,1
HS201137-D02,0,0,0
HS201137-D03,0,0,0
HS201137-D04,0,2,2
HS201137-DE01,1,1,2
HS201137-DE02,0,3,3
HS201137-DE03,1,1,2
HS201137-DE04,1,2,3
HS201137-DE05,0,0,0
HS201137-DE06,0,0,0
HS201137-DT01,2,5,7
HS201137-DT02,1,1,2
HS201137-DT03,1,7,8
HS201137-DT04,3,8,11
HS201137-EP01,2,3,5
HS201137-EP02,3,5,8
HS201137-EP03,13,10,23
HS201137-EP04,0,0,0
HS201137-EP05,0,2,2
HS201137-EP06,0,2,2
HS201137-EP07,0,3,3
HS201137-H01,0,0,0
HS201137-H02,1,7,8
HS201137-H03,0,0,0
HS201137-H04,0,0,0
HS201137-H05,0,0,0
HS201137-H06,0,0,0
HS201137-H07,0,0,0
HS201137-H08,1,0,1
HS201137-HS01,2,0,2
HS201137-HS02,0,0,0
HS201137-HS03,0,0,0
HS201137-HS04,2,1,3
HS201137-HS05,8,0,8
HS201137-HS06,1,1,2
HS201137-HS07,2,0,2
HS201137-HS08,14,0,14
HS201137-HS09,0,0,0
HS201137-HS10,0,0,0
HS201137-HS11,0,0,0
HS201137-HS12,0,0,0
HS201137-IBC01,1,0,1
HS201137-IBC02,0,0,0
HS201137-IBC03,1,2,3
HS201137-IBC04,0,0,0
HS201137-IBC05,0,0,0
HS201137-IBC06,1,0,1
HS201137-IBC07,5,0,5
HS201137-IBC08,0,0,0
HS201137-IBC09,2,0,2
HS201137-IBC10,1,1,2
HS201137-IBC11,2,2,4
HS201137-IBC12,4,0,4
HS201137-IVI01,3,5,8
HS201137-IVI02,1,1,2
HS201137-IVI03,1,0,1
HS201137-IVI04,0,0,0
HS201137-IVI05,1,5,6
HS201137-IVI06,0,1,1
HS201137-IVI07,0,1,1
HS201137-IVI08,0,0,0
HS201137-IVI09,4,1,5
HS201137-IVI10,8,5,13
HS201137-IVI11,2,17,19
HS201137-IVI12,5,2,7
HS201137-JF01,1,0,1
HS201137-JF02,2,7,9
HS201137-JF03,3,2,5
HS201137-JF04,14,23,37
HS201137-JF05,9,8,17
HS201137-JF06,18,29,47
HS201137-QCI01,10,8,18
HS201137-QCI02,3,1,4
HS201137-QCI03,2,3,5
HS201137-QCI04,1,3,4
HS201137-QCI05,1,1,2
HS201137-QCSD01,0,1,1
HS201137-QCSD02,0,0,0
HS201137-QCSD03,0,0,0
HS201137-QCSD04,0,0,0
HS201137-QCSD05,0,0,0
HS201137-QCSD06,0,0,0
HS201137-QCSD07,1,0,1
HS201137-QCSD08,0,0,0
HS201137-QCSD09,0,0,0
HS201137-QCST01,0,0,0
HS201137-QCST02,1,0,1
HS201137-QCST03,0,1,1
HS201137-QCST04,0,0,0
HS201137-QCST05,0,0,0
HS201137-QCST06,0,0,0
HS201137-QCST07,0,0,0
HS201137-QCST08,0,0,0
HS201137-QCST09,2,0,2
HS201137-QCST10,0,0,0
HS201137-T01,0,0,0
HS201137-T02,0,0,0
HS201137-T03,0,0,0
HS201137-T04,3,0,3
HS201137-T05,4,0,4
HS201137-T06,1,0,1
HS201137-T07,1,0,1
HS201137-T08,0,0,0
HS201137-VI01,5,4,9
HS201137-VI02,3,0,3
HS201137-VI03,30,6,36
HS201137-VI04,2,0,2
HS201137-VI05,0,0,0
HS201137-VI06,1,4,5
HS201137-VI07,5,14,19
HS201137-VI08,0,1,1
HS201137-VI09,3,28,31
HS201137-VI10,0,6,6
HS201137-VI11,0,2,2
HS201137-VI12,4,3,7
HS201137-VI13,0,2,2
HS201137-VI14,8,4,12
HS201137-VI15,18,24,42
HS201137-VI16,1,32,33
HS201137-VI17,0,1,1
HS201137-VI18,30,45,75
HS201137-VI19,4,3,7
HS201137-VI20,6,3,9
HS201137-VI21,6,0,6
HS201137-VI22,13,8,21
HS201137-VI23,7,12,19
HS201137-VI24,0,1,1
HS201137-VI25,3,21,24
HS201137-VI26,5,1,6
HS201145-B01,0,0,0
HS201145-B02,0,0,0
HS201145-B03,0,0,0
HS201145-B04,0,0,0
HS201145-B05,0,0,0
HS201145-B06,0,0,0
HS201145-B07,0,0,0
HS201145-DE01,13,1,14
HS201145-DE02,1,0,1
HS201145-DE03,0,0,0
HS201145-DE04,0,0,0
HS201145-DE05,0,0,0
HS201145-DE06,0,0,0
HS201145-EP02,0,0,0
HS201145-EP03,0,0,0
HS201145-EP04,0,0,0
HS201145-EP05,0,0,0
HS201145-EP06,0,0,0
HS201145-EP07,0,0,0
HS201145-FI01,0,0,0
HS201145-FI02,0,0,0
HS201145-FI03,0,0,0
HS201145-FI04,0,0,0
HS201145-FI05,0,0,0
HS201145-FI06,0,0,0
HS201145-FI07,0,0,0
HS201145-H01,1,0,1
HS201145-H02,0,0,0
HS201145-H03,0,0,0
HS201145-H04,0,0,0
HS201145-H05,0,0,0
HS201145-H06,0,0,0
HS201145-IBC01,5,0,5
HS201145-IBC02,0,0,0
HS201145-IBC03,0,0,0
HS201145-IBC04,2,0,2
HS201145-IBC05,0,0,0
HS201145-IBC06,1,0,1
HS201145-IBC07,2,0,2
HS201145-IBC08,0,0,0
HS201145-IBC09,1,0,1
HS201145-IBC10,0,0,0
HS201145-IBC11,0,0,0
HS201145-IBC12,8,0,8
HS201145-IBC13,0,0,0
HS201145-IBC14,1,0,1
HS201145-IBC15,0,0,0
HS201145-IBC16,0,0,0
HS201145-IBC17,0,0,0
HS201145-IBC18,0,0,0
HS201145-IBC19,0,0,0
HS201145-IBC20,9,0,9
HS201145-IBC21,4,0,4
HS201145-IBC22,1,0,1
HS201145-IBC23,1,0,1
HS201145-IBC24,0,0,0
HS201145-IBC25,12,0,12
HS201145-IBC26,6,1,7
HS201145-IBC27,0,0,0
HS201145-IBC28,0,0,0
HS201145-ISEA01,3,0,3
HS201145-ISEA02,31,1,32
HS201145-ISEA03,5,1,6
HS201145-ISEA04,6,1,7
HS201145-ISEA05,11,1,12
HS201145-ISEA06,14,1,15
HS201145-ISEA07,17,0,17
HS201145-ISEA08,9,0,9
HS201145-ISEA09,21,1,22
HS201145-ISEA10,6,0,6
HS201145-IVI01,2,0,2
HS201145-IVI02,61,0,61
HS201145-IVI03,120,0,120
HS201145-IVI04,30,0,30
HS201145-IVI05,73,0,73
HS201145-IVI06,105,0,105
HS201145-IVI07,19,0,19
HS201145-IVI08,1,1,2
HS201145-IVI09,3,0,3
HS201145-IVI10,6,0,6
HS201145-IVI11,3,0,3
HS201145-IVI12,18,0,18
HS201145-IVI13,64,0,64
HS201145-IVI14,24,0,24
HS201145-IVI15,0,0,0
HS201145-IVI16,0,0,0
HS201145-IVI17,1,0,1
HS201145-IVI18,2,0,2
HS201145-IVI19,7,0,7
HS201145-IVI20,35,0,35
HS201145-IVI21,0,0,0
HS201145-IVI22,2,0,2
HS201145-IVI23,1,0,1
HS201145-IVI24,1,0,1
HS201145-IVI25,65,0,65
HS201145-IVI26,1,0,1
HS201145-IVI27,83,0,83
HS201145-JF01,45,0,45
HS201145-JF03,10,9,19
HS201145-JF04,46,4,50
HS201145-JF05,2,0,2
HS201145-JF06,91,2,93
HS201145-JS01,14,0,14
HS201145-JS02,10,0,10
HS201145-JS04,8,0,8
HS201145-QCSD01,0,0,0
HS201145-QCSD02,0,0,0
HS201145-QCSD03,1,0,1
HS201145-QCSD04,0,0,0
HS201145-QCSD05,0,0,0
HS201145-QCSD06,1,0,1
HS201145-QCST01,0,0,0
HS201145-QCST02,0,0,0
HS201145-QCST03,0,0,0
HS201145-QCST04,0,0,0
HS201145-QCST05,0,0,0
HS201145-QCST06,1,0,1
HS201145-QCST07,0,0,0
HS201145-T01,0,0,0
HS201145-T02,0,0,0
HS201145-T03,0,0,0
HS201145-T04,0,0,0
HS201145-T05,0,0,0
HS201145-T06,0,0,0
HS201145-T07,1,0,1
HS201145-VI01,0,0,0
HS201145-VI02,0,0,0
HS201145-VI03,0,0,0
HS201145-VI04,6,0,6
HS201145-VI05,1,0,1
HS201145-VI06,1,0,1
HS201145-VI07,0,0,0
HS201145-VI08,0,0,0
HS201145-VI09,0,0,0
HS201145-VI10,0,0,0
HS201145-VI11,0,0,0
HS201145-VI12,0,0,0
HS201145-VI13,0,0,0
HS201145-VI14,5,0,5
HS201145-VI15,0,0,0
HS201145-VI16,0,0,0
HS201145-VI17,0,0,0
HS201145-VI18,0,0,0
HS201145-VI19,0,0,0
HS201145-VI20,0,0,0
HS201145-VI21,28,0,28
HS201145-VI22,2,0,2
HS201145-VI23,0,0,0
HS201145-VI24,1,0,1
HS201145-VI25,0,0,0
HS201145-VI26,6,0,6
HS201145-VI28,1,0,1
HS201203-EP01,0,0,0
HS201203-EP02,0,0,0
HS201203-EP03,1,0,1
HS201203-EP04,0,0,0
HS201203-EP05,0,0,0
HS201203-EP06,0,0,0
HS201203-EP07,0,0,0
HS201203-IVI01,6,0,6
HS201203-IVI02,6,0,6
HS201203-IVI03,0,0,0
HS201203-IVI04,0,0,0
HS201203-IVI05,0,0,0
HS201203-IVI06,0,0,0
HS201203-IVI07,0,0,0
HS201203-IVI08,9,0,9
HS201203-IVI09,0,0,0
HS201203-IVI10,2,0,2
HS201203-IVI11,3,0,3
HS201203-IVI13,16,0,16
HS201203-IVI14,4,0,4
HS201203-IVI15,1,0,1
HS201203-IVI16,0,0,0
HS201203-IVI17,0,0,0
HS201203-IVI18,17,0,17
HS201203-IVI19,3,0,3
HS201203-IVI20,0,0,0
HS201203-IVI21,0,2,2
HS201203-JF01,0,0,0
HS201203-JF02,7,0,7
HS201203-JF03,4,0,4
HS201203-JF04,24,1,25
HS201203-JF05,12,0,12
HS201203-JF06,29,7,36
HS201203-QCSD01,4,0,4
HS201203-QCSD02,5,0,5
HS201203-QCSD03,0,0,0
HS201203-QCST01,2,0,2
HS201203-QCST02,0,0,0
HS201203-QCST03,0,0,0
HS201203-QCST04,0,0,0
HS201203-QCST05,0,0,0
HS201203-QCST06,0,0,0
HS201203-QCST07,0,0,0
HS201203-VI01,1,0,1
HS201203-VI02,5,0,5
HS201203-VI03,1,0,1
HS201203-VI04,0,0,0
HS201203-VI05,0,0,0
HS201203-VI06,0,0,0
HS201203-VI07,0,0,0
HS201203-VI08,0,0,0
HS201203-VI09,0,0,0
HS201203-VI10,0,0,0
HS201203-VI11,0,0,0
HS201203-VI12,17,0,17
HS201250-DE01,0,0,0
HS201250-DE02,1,0,1
HS201250-DE03,0,0,0
HS201250-DE04,0,0,0
HS201250-DE05,0,0,0
HS201250-DE06,0,0,0
HS201250-DT01,0,2,2
HS201250-DT02,0,0,0
HS201250-DT03,1,1,2
HS201250-DT04,0,0,0
HS201250-EP01,37,0,37
HS201250-EP02,30,0,30
HS201250-EP03,14,3,17
HS201250-EP04,4,1,5
HS201250-EP05,4,0,4
HS201250-EP06,0,0,0
HS201250-EP07,0,0,0
HS201250-H01,0,0,0
HS201250-H02,0,0,0
HS201250-H03,1,0,1
HS201250-H04,6,0,6
HS201250-H05,1,0,1
HS201250-H06,6,0,6
HS201250-H07,15,0,15
HS201250-HS01,3,0,3
HS201250-HS02,1,1,2
HS201250-HS03,0,0,0
HS201250-HS04,0,1,1
HS201250-IBC01,2,0,2
HS201250-IBC02,2,1,3
HS201250-IBC03,0,0,0
HS201250-IBC04,2,0,2
HS201250-IBC05,1,6,7
HS201250-IBC06,0,1,1
HS201250-IBC07,1,0,1
HS201250-IBC08,0,0,0
HS201250-IBC09,0,1,1
HS201250-IBC10,6,0,6
HS201250-IBC11,0,0,0
HS201250-IBC12,0,1,1
HS201250-IBC13,1,0,1
HS201250-IVI01,0,5,5
HS201250-IVI02,1,2,3
HS201250-IVI03,0,0,0
HS201250-IVI04,0,4,4
HS201250-IVI05,0,0,0
HS201250-IVI06,0,0,0
HS201250-IVI07,0,0,0
HS201250-IVI08,1,0,1
HS201250-IVI09,3,2,5
HS201250-IVI10,0,2,2
HS201250-IVI11,0,0,0
HS201250-IVI12,1,1,2
HS201250-JF01,11,44,55
HS201250-JF02,7,29,36
HS201250-JF03,6,20,26
HS201250-JF04,17,19,36
HS201250-JF05,2,3,5
HS201250-JF06,43,161,204
HS201250-JS01,0,0,0
HS201250-JS02,1,0,1
HS201250-JS03,0,0,0
HS201250-JS04,0,0,0
HS201250-JS05,0,0,0
HS201250-JS06,3,0,3
HS201250-QCI01,0,1,1
HS201250-QCI02,2,5,7
HS201250-QCI03,20,3,23
HS201250-QCI04,9,1,10
HS201250-QCI05,0,1,1
HS201250-QCI06,1,0,1
HS201250-QCI07,0,0,0
HS201250-QCI08,9,1,10
HS201250-QCI09,61,1,62
HS201250-QCI10,132,0,132
HS201250-QCI11,45,1,46
HS201250-QCI12,347,1,348
HS201250-QCI13,13,1,14
HS201250-QCI14,12,0,12
HS201250-QCSD02,0,0,0
HS201250-QCSD03,0,0,0
HS201250-QCSD04,0,0,0
HS201250-QCSD05,0,0,0
HS201250-QCSD06,0,0,0
HS201250-QCSD07,0,0,0
HS201250-QCSD08,0,0,0
HS201250-QCSD09,0,0,0
HS201250-QCSD10,1,1,2
HS201250-QCSD11,0,0,0
HS201250-QCST01,0,0,0
HS201250-QCST02,0,0,0
HS201250-QCST03,0,0,0
HS201250-QCST04,1,0,1
HS201250-QCST05,0,0,0
HS201250-QCST06,3,0,3
HS201250-QCST07,0,0,0
HS201250-QCST08,0,0,0
HS201250-QCST09,0,0,0
HS201250-QCST10,1,0,1
HS201250-QCST11,0,0,0
HS201250-QCST12,0,0,0
HS201250-QCST13,0,0,0
HS201250-QCST14,2,0,2
HS201250-QCST15,0,0,0
HS201250-QCST16,0,0,0
HS201250-QCST17,0,0,0
HS201250-QCST18,1,1,2
HS201250-T01,0,0,0
HS201250-T02,0,0,0
HS201250-T03,1,2,3
HS201250-T04,6,0,6
HS201250-T05,8,0,8
HS201250-T06,2,0,2
HS201250-T07,0,0,0
HS201250-VI01,1,3,4
HS201250-VI02,15,42,57
HS201250-VI03,12,20,32
HS201250-VI04,6,0,6
HS201250-VI05,4,0,4
HS201250-VI06,25,4,29
HS201250-VI07,0,2,2
HS201250-VI08,0,0,0
HS201250-VI09,0,0,0
HS201250-VI10,21,0,21
HS201250-VI11,0,0,0
HS201250-VI12,26,10,36
HS201250-VI13,59,9,68
HS201250-VI14,0,0,0
HS201250-VI15,25,12,37
HS201250-VI16,11,1,12
HS201250-VI17,11,0,11
HS201250-VI18,0,0,0
HS201250-VI19,7,24,31
HS201250-VI20,6,6,12
HS201250-VI21,2,2,4
HS201250-VI22,4,0,4
HS201267-DC01,1,0,1
HS201267-DC03,0,0,0
HS201267-DC04,9,0,9
HS201267-DC06,0,0,0
HS201267-DC08,1,0,1
HS201267-DC10,0,0,0
HS201267-DC12,2,0,2
HS201267-DC14,3,0,3
HS201267-DC15,0,0,0
HS201267-DC17,0,0,0
HS201267-DC19,0,0,0
HS201267-DC21,0,0,0
HS201267-DC23,0,0,0
HS201267-DC25,7,0,7
HS201267-DC27,3,0,3
HS201267-DC29,0,0,0
HS201267-DC31,1,0,1
HS201267-DC33,2,0,2
HS201267-DC35,0,0,0
HS201267-EP01,0,0,0
HS201267-EP02,0,0,0
HS201267-EP03,0,0,0
HS201267-EP04,0,0,0
HS201267-EP05,0,0,0
HS201267-EP06,0,0,0
HS201267-EP07,0,0,0
HS201267-GS01,0,0,0
HS201267-GS02,0,0,0
HS201267-GS03,0,0,0
HS201267-GS04,0,0,0
HS201267-GS05,0,0,0
HS201267-GS06,1,0,1
HS201267-IVI01,5,0,5
HS201267-IVI02,31,3,34
HS201267-IVI03,5,0,5
HS201267-IVI04,19,0,19
HS201267-IVI05,1,0,1
HS201267-IVI06,10,2,12
HS201267-JF05,0,0,0
HS201267-JF06,0,0,0
HS201267-JS01,0,0,0
HS201267-JS02,9,0,9
HS201267-JS03,3,0,3
HS201267-JS04,5,0,5
HS201267-JS05,2,0,2
HS201267-JS06,1,0,1
HS201267-JS07,0,0,0
HS201267-JS08,6,0,6
HS201267-QCST01,3,2,5
HS201267-QCST02,0,0,0
HS201267-QCST03,0,0,0
HS201267-QCST04,0,0,0
HS201267-QCST05,0,0,0
HS201267-QCST06,2,0,2
HS201267-QCST07,5,4,9
HS201267-QCST08,0,0,0
HS201267-QCST09,0,0,0
HS201267-QCST10,0,0,0
HS201267-QCST11,0,0,0
HS201267-QCST12,3,0,3
HS201267-QCST13,7,0,7
HS201267-QCST14,0,0,0
HS201267-QCST15,3,0,3
HS201267-QCST16,1,1,2
HS201267-QCST17,2,0,2
HS201267-QCST18,2,0,2
HS201267-T01,0,0,0
HS201267-T02,0,0,0
HS201267-T03,0,0,0
HS201267-T04,0,0,0
HS201267-T05,0,0,0
HS201267-T06,0,0,0
HS201267-T07,0,0,0
HS201267-T08,0,0,0
HS201267-VI01,0,0,0
HS201267-VI02,0,0,0
HS201267-VI03,1,11,12
HS201267-VI04,3,1,4
HS201267-VI05,0,0,0
HS201267-VI06,0,0,0
HS201267-VI07,0,0,0
HS201267-VI08,0,0,0
HS201267-VI09,0,0,0
HS201267-VI10,0,0,0
HS201267-VI11,0,0,0
HS201267-VI12,1,0,1
HS201267-VI13,0,0,0
HS201267-VI14,1,0,1
HS201267-VI15,3,0,3
HS201267-VI16,1,0,1
HS201267-VI17,0,0,0
HS201310-QCST09,0,0,0
HS201310-QCST10,1,0,1
HS201310-QCST11,4,0,4
HS201310-QCST12,0,0,0
HS201310-QCST13,3,0,3
HS201310-QCST14,0,0,0
HS201310-QCST15,0,0,0
HS201310-QCST16,0,0,0
HS201310-T01,1,0,1
HS201310-T02,0,0,0
HS201310-T03,0,0,0
HS201310-T04,0,0,0
HS201310-GS01,0,0,0
HS201310-GS02,6,0,6
HS201310-GS03,4,0,4
HS201310-GS04,24,1,25
HS201310-GS05,0,0,0
HS201310-GS06,2,0,2
HS201310-GS07,6,0,6
HS201310-GS08,0,0,0
HS201310-GS09,0,0,0
HS201310-GS11,0,0,0
HS201310-GS12,0,0,0
HS201310-GS13,0,0,0
HS201310-GS14,0,0,0
HS201310-GS15,0,0,0
HS201310-GS16,0,0,0
HS201310-GS17,0,0,0
HS201310-GS18,0,0,0
HS201310-GS19,0,0,0
HS201310-GS20,0,0,0
HS201310-GS21,0,0,0
HS201310-IVI01,0,0,0
HS201310-IVI02,1,0,1
HS201310-IVI03,11,0,11
HS201310-IVI04,1,0,1
HS201310-IVI05,6,0,6
HS201310-IVI06,34,0,34
HS201310-IVI07,32,1,33
HS201310-IVI08,3,0,3
HS201310-IVI09,4,0,4
HS201310-IVI10,8,0,8
HS201310-IVI11,2,0,2
HS201310-IVI13,2,0,2
HS201310-IVI15,0,0,0
HS201310-IVI16,1,0,1
HS201310-IVI17,1,0,1
HS201310-IVI18,32,0,32
HS201310-IVI20,5,0,5
HS201310-IVI22,2,0,2
HS201310-IVI23,9,0,9
HS201310-IVI24,1,0,1
HS201310-IVI27,1,0,1
HS201310-IVI28,0,1,1
HS201310-IVI29,8,0,8
HS201310-IVI30,18,0,18
HS201310-IVI32,14,5,19
HS201310-JS01,0,0,0
HS201310-JS02,0,0,0
HS201310-JS03,1,0,1
HS201310-JS04,0,0,0
HS201310-JS05,0,0,0
HS201310-JS06,0,0,0
HS201310-JS07,0,0,0
HS201310-JS08,0,0,0
HS201310-QCST01,0,0,0
HS201310-QCST02,0,0,0
HS201310-QCST03,1,0,1
HS201310-QCST04,0,0,0
HS201310-QCST05,0,0,0
HS201310-QCST06,0,0,0
HS201310-QCST07,0,0,0
HS201310-QCST08,0,0,0
HS201343-EP01,7,29,36
HS201343-EP02,0,7,7
HS201343-EP03,10,6,16
HS201343-EP04,0,0,0
HS201343-EP05,2,1,3
HS201343-EP06,0,0,0
HS201343-EP07,0,0,0
HS201343-IVI01,43,22,65
HS201343-IVI02,2,6,8
HS201343-IVI03,0,0,0
HS201343-IVI04,1,1,2
HS201343-IVI05,0,4,4
HS201343-IVI06,0,1,1
HS201343-JF01,1,0,1
HS201343-JF02,3,8,11
HS201343-JF03,1,0,1
HS201343-JF04,6,41,47
HS201343-JF05,0,6,6
HS201343-JF06,4,30,34
HS201343-JS02,1,0,1
HS201343-JS03,1,0,1
HS201343-JS04,0,0,0
HS201343-JS05,2,1,3
HS201343-QCST01,1,16,17
HS201343-QCST02,0,0,0
HS201343-QCST03,1,1,2
HS201343-QCST04,0,1,1
HS201343-QCST05,2,2,4
HS201343-QCST06,0,0,0
HS201343-QCST07,1,0,1
HS201343-T02,0,1,1
HS201343-T03,0,0,0
HS201343-T04,0,1,1
HS201343-T05,0,0,0
HS201343-T06,0,1,1
HS201343-T07,0,0,0
HS201343-T08,0,0,0
HS201343-VI01,7,18,25
HS201343-VI02,0,3,3
HS201343-VI03,0,19,19
HS201343-VI04,0,16,16
HS201343-VI05,0,14,14
HS201343-VI06,0,4,4
HS201343-VI07,0,2,2
HS201343-VI08,3,11,14
HS201343-VI09,0,0,0
HS201343-VI10,2,1,3
HS201343-VI11,1,0,1
HS201343-VI12,9,7,16
HS201343-VI13,0,2,2
HS201343-VI14,0,0,0
HS201343-VI15,0,2,2
HS201343-VI16,4,2,6
HS201343-VI17,6,6,12
HS201343-VI18,0,2,2
HS201343-VI19,0,1,1
HS201365-DI01,5,0,5
HS201365-DI02,4,0,4
HS201365-DI03,5,0,5
HS201365-DI04,0,0,0
HS201365-DI05,1,0,1
HS201365-DI06,0,0,0
HS201365-DI07,1,0,1
HS201365-DI08,0,0,0
HS201365-EP01,8,0,8
HS201365-EP02,1,0,1
HS201365-EP03,1,0,1
HS201365-EP04,0,0,0
HS201365-EP05,0,0,0
HS201365-EP06,0,0,0
HS201365-EP07,0,0,0
HS201365-IVI01,10,0,10
HS201365-IVI02,10,0,10
HS201365-IVI03,57,0,57
HS201365-IVI04,28,0,28
HS201365-JF01,6,0,6
HS201365-JF02,0,0,0
HS201365-JF03,26,0,26
HS201365-JF04,1,0,1
HS201365-JF05,4,0,4
HS201365-JF06,4,0,4
HS201365-JS01,6,0,6
HS201365-JS02,6,1,7
HS201365-JS03,8,0,8
HS201365-JS04,5,0,5
HS201365-JS05,0,0,0
HS201365-JS06,0,0,0
HS201365-JS07,3,0,3
HS201365-JS08,0,0,0
HS201365-JS09,1,0,1
HS201365-JS10,0,0,0
HS201365-JS11,0,0,0
HS201365-JS12,1,0,1
HS201365-JS13,3,0,3
HS201365-JS14,0,0,0
HS201365-JS15,2,1,3
HS201365-JS16,0,0,0
HS201365-JS17,0,1,1
HS201365-JS18,1,0,1
HS201365-JS19,1,0,1
HS201365-JS20,1,0,1
HS201365-QCSD01,5,0,5
HS201365-QCSD02,1,0,1
HS201365-QCST02,0,0,0
HS201365-QCST03,0,0,0
HS201365-QCST04,1,0,1
HS201365-QCST05,5,0,5
HS201365-QCST06,3,0,3
HS201365-QCST07,0,0,0
HS201365-QCST08,0,0,0
HS201365-QCST09,2,0,2
HS201365-QCST10,0,0,0
HS201365-QCST11,0,0,0
HS201365-QCST12,0,1,1
HS201365-QCST13,14,0,14
HS201365-QCST14,3,0,3
HS201365-QCST15,4,0,4
HS201365-QCST16,1,0,1
HS201365-QCST17,0,0,0
HS201365-QCST18,0,0,0
HS201365-QCST19,2,0,2
HS201365-QCST20,2,1,3
HS201365-QCST21,0,1,1
HS201365-QCST22,4,0,4
HS201365-QCST23,2,0,2
HS201365-QCST24,1,0,1
HS201365-QCST25,0,0,0
HS201365-QCST26,2,0,2
HS201365-QCST27,4,0,4
HS201365-QCST28,1,0,1
HS201365-QCST29,6,0,6
HS201365-QCST30,4,0,4
HS201365-VI01,55,0,55
HS201365-VI02,3,0,3
HS201365-VI03,2,0,2
HS201365-VI04,1,0,1
HS201365-VI05,0,0,0
HS201365-VI06,15,0,15
HS201365-VI07,5,0,5
HS201365-VI08,0,0,0
HS201365-VI09,0,0,0
HS201365-VI10,0,0,0
HS201365-VI11,0,0,0
HS201365-VI12,6,0,6
HS201365-VI13,42,0,42
HS201365-VI14,18,0,18
HS201365-VI15,14,0,14
HS201365-VI16,23,0,23
HS201365-VI17,16,0,16
HS201365-VI18,8,0,8
HS201365-VI19,0,0,0
HS201365-VI20,0,0,0
HS201365-VI21,0,0,0
HS201365-VI22,0,0,0
HS201365-VI23,4,0,4
HS201416-DI01,0,0,0
HS201416-DI02,0,0,0
HS201416-DI03,0,0,0
HS201416-DI04,0,0,0
HS201416-DI05,0,0,0
HS201416-DI06,0,0,0
HS201416-DI07,0,0,0
HS201416-DI08,1,0,1
HS201416-DI09,0,0,0
HS201416-DI10,0,0,0
HS201416-DI11,0,0,0
HS201416-DI12,0,0,0
HS201416-DI13,0,0,0
HS201416-DI14,0,0,0
HS201416-DI15,14,0,14
HS201416-DI16,0,0,0
HS201416-DI17,1,0,1
HS201416-DI18,0,0,0
HS201416-DI19,1,0,1
HS201416-DI20,0,0,0
HS201416-DI21,0,0,0
HS201416-DI22,0,0,0
HS201416-DI23,1,0,1
HS201416-GI01,1,0,1
HS201416-GI02,0,1,1
HS201416-GI03,6,2,8
HS201416-GI04,1,0,1
HS201416-GI05,4,0,4
HS201416-GI06,2,0,2
HS201416-GI07,0,1,1
HS201416-GI08,0,0,0
HS201416-GI09,0,0,0
HS201416-GI10,0,0,0
HS201416-GS01,0,0,0
HS201416-GS02,0,0,0
HS201416-GS03,2,0,2
HS201416-GS04,0,0,0
HS201416-GS05,0,0,0
HS201416-GS06,0,0,0
HS201416-GS07,0,0,0
HS201416-GS08,0,0,0
HS201416-GS09,0,0,0
HS201416-GS10,0,0,0
HS201416-GS11,0,0,0
HS201416-GS12,0,0,0
HS201416-GS13,0,1,1
HS201416-GS14,0,0,0
HS201416-GS15,0,0,0
HS201416-GS16,1,0,1
HS201416-GS17,0,0,0
HS201416-GS18,0,0,0
HS201416-GS19,0,0,0
HS201416-GS20,0,0,0
HS201416-GS21,0,0,0
HS201416-GS22,0,0,0
HS201416-GS23,0,0,0
HS201416-GS24,0,0,0
HS201416-GS25,0,0,0
HS201416-GS26,0,0,0
HS201416-GS27,0,0,0
HS201416-GS28,0,0,0
HS201416-GS29,0,0,0
HS201416-GS30,0,0,0
HS201416-GS31,0,0,0
HS201416-GS32,0,0,0
HS201416-GS33,0,0,0
HS201416-GS34,0,0,0
HS201416-GS35,0,2,2
HS201416-GS36,0,0,0
HS201416-GS37,1,0,1
HS201416-GS38,0,0,0
HS201416-GS39,0,0,0
HS201416-GS40,0,0,0
HS201416-GS41,0,0,0
HS201416-GS42,0,0,0
HS201416-GS43,0,0,0
HS201416-GS44,0,0,0
HS201416-GS45,37,0,37
HS201416-GS46,1,0,1
HS201416-GS47,0,0,0
HS201416-GS48,0,0,0
HS201416-GS49,0,0,0
HS201416-GS50,0,0,0
HS201416-GS51,0,0,0
HS201416-GS52,1,0,1
HS201416-GS53,0,0,0
HS201416-GS54,0,0,0
HS201416-GS55,0,0,0
HS201416-GS56,0,0,0
HS201416-GS57,0,0,0
HS201416-GS58,0,0,0
HS201416-GS59,0,0,0
HS201416-GS60,0,0,0
HS201416-GS61,0,0,0
HS201416-GS62,0,0,0
HS201416-GS63,0,0,0
HS201416-JF01,0,0,0
HS201416-JF02,2,0,2
HS201416-JF03,0,0,0
HS201416-JF04,12,3,15
HS201416-JF05,10,8,18
HS201416-JF06,1,0,1
HS201416-JS01,3,1,4
HS201416-JS02,1,0,1
HS201416-JS03,1,0,1
HS201416-JS04,0,0,0
HS201416-JS05,0,0,0
HS201416-JS06,0,0,0
HS201416-JS07,0,1,1
HS201416-JS08,1,0,1
HS201436-H01,0,0,0
HS201436-H02,0,0,0
HS201436-H03,0,0,0
HS201436-H04,0,0,0
HS201436-H05,0,0,0
HS201436-H07,0,0,0
HS201436-IBC01,0,0,0
HS201436-IBC02,0,0,0
HS201436-IBC03,7,6,13
HS201436-IBC04,0,2,2
HS201436-IBC05,4,5,9
HS201436-IBC06,0,1,1
HS201436-IBC07,5,0,5
HS201436-IBC08,23,4,27
HS201436-IBC09,5,0,5
HS201436-IBC10,7,3,10
HS201436-IBC11,1,1,2
HS201436-IBC12,0,0,0
HS201436-IBC13,3,2,5
HS201436-IBC14,12,0,12
HS201436-IBC15,2,4,6
HS201436-IBC16,0,6,6
HS201436-IBC17,0,0,0
HS201436-IBC18,0,0,0
HS201436-IBC19,13,7,20
HS201436-IBC20,3,0,3
HS201436-IBC21,1,0,1
HS201436-JS01,2,0,2
HS201436-JS02,6,0,6
HS201436-JS03,1,0,1
HS201436-JS04,1,0,1
HS201436-JS05,0,0,0
HS201436-JS06,0,0,0
HS201436-JS07,4,2,6
HS201436-JS08,0,0,0
HS201436-QCSD01,0,0,0
HS201436-QCSD02,0,0,0
HS201436-QCST01,2,0,2
HS201436-QCST02,2,0,2
HS201436-QCST03,1,1,2
HS201436-QCST04,1,0,1
HS201436-QCST05,0,0,0
HS201436-QCST06,0,0,0
HS201436-QCST07,0,0,0
HS201436-QCST08,0,0,0
HS201436-QCST09,0,0,0
HS201436-QCST10,0,0,0
HS201436-QCST11,0,0,0
HS201436-QCST12,0,0,0
HS201436-QCST13,0,0,0
HS201436-QCST14,0,0,0
HS201436-QCST15,3,9,12
HS201436-QCST16,0,0,0
HS201436-QCST17,7,0,7
HS201436-QCST18,0,0,0
HS201436-QCST19,0,0,0
HS201436-RI01,0,0,0
HS201436-RI02,0,0,0
HS201436-RI03,17,0,17
HS201436-RI04,17,1,18
HS201436-RI05,3,0,3
HS201436-RI06,15,1,16
HS201436-T01,0,1,1
HS201436-T02,0,0,0
HS201436-T03,0,0,0
HS201436-T04,0,0,0
HS201436-T05,0,0,0
HS201436-T06,0,0,0
HS201436-T07,0,0,0
HS201466-EP02,1,0,1
HS201466-EP03,0,0,0
HS201466-EP04,0,0,0
HS201466-EP05,0,0,0
HS201466-EP06,0,0,0
HS201466-EP07,0,0,0
HS201466-IBC01,4,0,4
HS201466-IBC02,3,0,3
HS201466-IBC03,7,0,7
HS201466-IBC04,1,0,1
HS201466-IBC05,2,0,2
HS201466-IBC06,2,0,2
HS201466-IBC07,2,0,2
HS201466-IVI01,44,0,44
HS201466-IVI02,18,0,18
HS201466-IVI03,3,0,3
HS201466-IVI04,2,0,2
HS201466-IVI05,0,0,0
HS201466-IVI06,16,0,16
HS201466-IVI07,86,0,86
HS201466-IVI08,4,0,4
HS201466-IVI09,33,0,33
HS201466-IVI10,28,0,28
HS201466-IVI11,4,3,7
HS201466-IVI12,0,0,0
HS201466-IVI13,0,0,0
HS201466-IVI14,15,0,15
HS201466-IVI15,21,0,21
HS201466-IVI16,24,2,26
HS201466-IVI17,10,3,13
HS201466-IVI18,3,6,9
HS201466-JF01,0,0,0
HS201466-JF02,1,2,3
HS201466-JF03,0,0,0
HS201466-JF05,2,0,2
HS201466-JF06,4,1,5
HS201466-JS01,2,0,2
HS201466-JS02,6,0,6
HS201466-JS03,0,0,0
HS201466-JS04,2,0,2
HS201466-JS05,0,0,0
HS201466-JS06,0,0,0
HS201466-JS07,0,0,0
HS201466-QCST01,0,0,0
HS201466-QCST02,6,2,8
HS201466-QCST03,2,0,2
HS201466-QCST04,0,0,0
HS201466-QCST05,0,0,0
HS201466-QCST06,0,0,0
HS201466-QCST07,1,0,1
HS201466-QCST08,0,0,0
HS201466-QCST09,0,0,0
HS201466-QCST10,0,0,0
HS201466-QCST11,0,0,0
HS201466-QCST12,2,0,2
HS201466-QCST13,0,0,0
HS201466-QCST14,6,0,6
HS201466-QCST15,0,0,0
HS201466-QCST16,0,0,0
HS201466-QCST17,0,0,0
HS201466-QCST18,0,0,0
HS201466-QCST19,2,0,2
HS201466-QCST20,2,0,2
HS201466-QCST21,0,0,0
HS201466-RI01,2,0,2
HS201466-RI02,4,0,4
HS201466-RI03,0,0,0
HS201466-RI04,1,0,1
HS201466-RI05,0,0,0
HS201466-T03,0,0,0
HS201466-T04,0,0,0
HS201466-T05,0,0,0
HS201466-T06,0,0,0
HS201466-T07,0,0,0
HS201466-T08,0,0,0
HS201466-VI01,0,0,0
HS201466-VI02,11,0,11
HS201466-VI03,8,0,8
HS201466-VI04,10,0,10
HS201466-VI05,4,0,4
HS201466-VI06,1,0,1
HS201466-VI07,4,0,4
HS201466-VI08,3,0,3
HS201466-VI09,4,1,5
HS201515-EP01,1,0,1
HS201515-EP02,1,2,3
HS201515-EP03,2,2,4
HS201515-EP04,0,0,0
HS201515-JF01,0,0,0
HS201515-JF02,2,1,3
HS201515-JF03,1,14,15
HS201515-JS01,0,0,0
HS201515-JS02,0,0,0
HS201515-JS03,0,0,0
HS201515-JS04,1,0,1
HS201515-JS05,0,0,0
HS201515-JS06,0,0,0
HS201515-QCST01,0,0,0
HS201515-QCST02,0,0,0
HS201515-QCST03,0,0,0
HS201515-QCST04,3,0,3
HS201515-QCST05,2,1,3
HS201515-QCST06,16,3,19
HS201515-T01,2,1,3
HS201515-T02,0,0,0
HS201515-T03,1,1,2
HS201515-T04,1,0,1
HS201515-T05,3,0,3
HS201515-T06,1,0,1
HS201515-T07,0,0,0
HS201515-VI01,0,1,1
HS201515-VI02,0,7,7
HS201515-VI03,0,1,1
HS201515-VI04,0,3,3
HS201515-VI05,1,1,2
HS201515-VI06,0,0,0
HS201515-VI07,0,4,4
HS201515-VI08,0,0,0
HS201515-VI09,0,1,1
HS201515-VI10,3,0,3
HS201515-VI11,4,1,5
HS201515-VI12,5,3,8
HS201515-VI13,1,0,1
HS201515-VI14,10,4,14
HS201515-VI15,2,0,2
HS201515-VI16,6,3,9
HS201515-VI17,0,1,1
HS201515-VI18,7,0,7
HS201515-VI19,6,1,7
HS201515-VI20,1,4,5
HS201515-VI21,0,0,0
HS201515-VI22,0,0,0
HS201515-VI23,0,0,0
HS201515-VI24,0,0,0
HS201515-VI25,5,1,6
HS201515-VI26,3,1,4
HS201515-VI27,1,1,2
HS201515-VI28,0,0,0
HS201556-BA01,3,0,3
HS201556-BA02,21,0,21
HS201556-BA03,0,0,0
HS201556-BA04,0,0,0
HS201556-BA05,1,0,1
HS201556-DI02,0,0,0
HS201556-DI03,1,0,1
HS201556-EP02,0,0,0
HS201556-EP03,0,0,0
HS201556-EP04,1,0,1
HS201556-EP05,0,0,0
HS201556-EP06,0,0,0
HS201556-EP07,0,0,0
HS201556-IBC01,1,0,1
HS201556-IBC02,1,0,1
HS201556-IBC03,2,0,2
HS201556-IBC04,0,0,0
HS201556-IBC05,0,0,0
HS201556-IBC06,0,0,0
HS201556-IBC07,20,1,21
HS201556-IVI01,1,0,1
HS201556-IVI02,2,0,2
HS201556-IVI03,5,0,5
HS201556-IVI04,1,0,1
HS201556-IVI05,4,0,4
HS201556-IVI06,1,0,1
HS201556-IVI07,2,0,2
HS201556-JF01,0,0,0
HS201556-JF02,27,0,27
HS201556-JF03,0,0,0
HS201556-JF04,38,1,39
HS201556-JF05,0,0,0
HS201556-JS01,0,0,0
HS201556-JS02,0,0,0
HS201556-KI01,0,0,0
HS201556-KI02,3,1,4
HS201556-LJS01,0,0,0
HS201556-LJS02,2,0,2
HS201556-LJS04,7,0,7
HS201556-LJS05,1,0,1
HS201556-LJS06,5,0,5
HS201556-LJS07,0,0,0
HS201556-LJS08,0,0,0
HS201556-QCSD01,3,0,3
HS201556-QCSD02,0,0,0
HS201556-QCSD03,0,0,0
HS201556-QCSD04,7,0,7
HS201556-QCSD05,7,0,7
HS201556-QCST01,0,0,0
HS201556-QCST02,0,0,0
HS201556-QCST03,0,0,0
HS201556-QCST04,3,0,3
HS201556-QCST05,0,0,0
HS201556-QCST06,0,0,0
HS201556-QCST07,0,0,0
HS201556-QCST08,0,0,0
HS201556-QCST09,0,0,0
HS201556-QCST10,0,0,0
HS201556-QCST11,2,0,2
HS201556-QCST12,1,0,1
HS201556-QCST13,0,0,0
HS201556-QCST14,6,0,6
HS201556-QCST15,0,0,0
HS201556-QCST16,3,0,3
HS201556-QCST17,1,0,1
HS201556-QCST18,0,0,0
HS201556-QCST19,0,1,1
HS201556-RI01,1,0,1
HS201556-RI02,5,0,5
HS201556-VI01,6,0,6
HS201556-VI02,3,0,3
HS201556-VI03,1,0,1
HS201556-VI04,0,0,0
HS201556-VI05,0,0,0
HS201556-VI06,0,0,0
HS201556-VI07,3,0,3
HS201556-VI08,4,1,5
HS201556-VI09,0,0,0
HS201556-VI10,2,0,2
HS201556-VI11,3,0,3
HS201556-VI12,19,1,20
HS201556-VI13,2,0,2
HS201556-VI14,0,0,0
HS201556-VI15,0,0,0
HS201556-VI16,2,0,2
HS201556-VI17,1,0,1
HS201556-VI18,10,0,10
HS201556-VI19,0,0,0
HS201556-VI20,6,0,6
HS201556-VI21,1,0,1
HS201556-VI22,23,0,23
HS201556-VI23,3,1,4
HS201556-VI24,0,0,0
HS201556-VI25,0,0,0
HS201556-VI26,0,0,0
HS201556-VI27,0,0,0
HS201640-EP01,7,0,7
HS201640-EP02,6,0,6
HS201640-EP03,3,0,3
HS201640-EP04,3,0,3
HS201640-EP05,3,0,3
HS201640-EP06,0,0,0
HS201640-IVI01,80,0,80
HS201640-IVI02,60,1,61
HS201640-IVI03,26,0,26
HS201640-IVI04,12,0,12
HS201640-IVI05,41,0,41
HS201640-IVI06,2,0,2
HS201640-IVI07,69,2,71
HS201640-IVI08,44,0,44
HS201640-IVI09,40,0,40
HS201640-IVI10,80,0,80
HS201640-IVI11,20,2,22
HS201640-IVI12,40,1,41
HS201640-JF01,64,0,64
HS201640-JF02,15,7,22
HS201640-JF03,42,0,42
HS201640-JF04,51,26,77
HS201640-QCST01,4,0,4
HS201640-QCST02,1,0,1
HS201640-QCST03,0,0,0
HS201640-QCST04,0,0,0
HS201640-QCST05,4,0,4
HS201640-VI01,62,1,63
HS201640-VI02,35,0,35
HS201640-VI03,51,2,53
HS201640-VI04,24,0,24
HS201640-VI05,25,0,25
HS201640-VI06,4,0,4
HS201640-VI07,5,0,5
HS201640-VI08,13,0,13
HS201640-VI09,1,0,1
HS201640-VI10,80,0,80
IPES2017-42-058,0,0,0
IPES2017-42-059,0,0,0
IPES2017-42-060,0,0,0
IPES2017-42-001,1,3,4
IPES2017-42-002,1,1,2
IPES2017-42-003,0,2,2
IPES2017-42-004,0,0,0
IPES2017-42-005,0,0,0
IPES2017-42-007,0,0,0
IPES2017-42-008,0,1,1
IPES2017-42-009,0,0,0
IPES2017-42-010,0,0,0
IPES2017-42-011,0,0,0
IPES2017-42-012,0,0,0
IPES2017-42-013,0,0,0
IPES2017-42-014,1,0,1
IPES2017-42-015,0,0,0
IPES2017-42-016,0,0,0
IPES2017-42-017,0,0,0
IPES2017-42-018,0,0,0
IPES2017-42-019,0,0,0
IPES2017-42-020,0,0,0
IPES2017-42-021,0,0,0
IPES2017-42-022,0,0,0
IPES2017-42-023,0,0,0
IPES2017-42-024,0,0,0
IPES2017-42-025,0,0,0
IPES2017-42-026,0,0,0
IPES2017-42-027,0,0,0
IPES2017-42-029,0,0,0
IPES2017-42-030,0,1,1
IPES2017-42-031,0,0,0
IPES2017-42-032,0,0,0
IPES2017-42-033,0,0,0
IPES2017-42-034,0,0,0
IPES2017-42-035,0,0,0
IPES2017-42-036,0,0,0
IPES2017-42-037,0,0,0
IPES2017-42-038,0,0,0
IPES2017-42-039,0,0,0
IPES2017-42-040,0,0,0
IPES2017-42-041,1,0,1
IPES2017-42-042,0,4,4
IPES2017-42-043,0,0,0
IPES2017-42-044,0,1,1
IPES2017-42-045,0,0,0
IPES2017-42-046,0,0,0
IPES2017-42-047,0,0,0
IPES2017-42-048,0,2,2
IPES2017-42-049,0,0,0
IPES2017-42-050,3,0,3
IPES2017-42-051,0,0,0
IPES2017-42-052,0,0,0
IPES2017-42-053,1,2,3
IPES2017-42-054,0,0,0
IPES2017-42-055,0,0,0
IPES2017-42-056,0,1,1
IPES2017-42-057,0,0,0
IPES2017-42-061,0,0,0
IPES2017-42-062,0,0,0
IPES2017-42-063,0,0,0
IPES2017-42-064,0,0,0
IPES2017-42-065,0,0,0
IPES2017-42-066,0,0,0
IPES2017-42-067,0,0,0
IPES2017-42-068,0,0,0
IPES2017-42-069,0,0,0
IPES2017-42-070,0,0,0
IPES2017-42-071,3,11,14
IPES2017-42-072,1,3,4
IPES2017-42-073,2,34,36
IPES2017-42-074,0,0,0
IPES2017-42-075,0,12,12
IPES2017-42-076,0,2,2
IPES2017-42-077,0,2,2
IPES2017-42-078,0,3,3
IPES2017-42-079,0,0,0
IPES2017-42-080,0,2,2
IPES2017-42-081,0,0,0
IPES2017-42-082,0,11,11
IPES2017-42-083,0,0,0
IPES2017-42-084,0,0,0
IPES2017-42-085,0,0,0
IPES2017-42-086,0,0,0
IPES2017-42-087,0,0,0
IPES2017-42-088,0,0,0
IPES2017-42-089,0,0,0
IPES2017-42-090,0,0,0
IPES2017-42-091,0,0,0
IPES2017-42-092,0,0,0
IPES2017-42-093,0,0,0
IPES2017-42-094,1,0,1
IPES2017-42-095,0,1,1
IPES2017-42-096,0,0,0
IPES2017-42-097,0,0,0
IPES2017-42-098,0,0,0
IPES2017-42-099,0,0,0
IPES2017-42-100,0,0,0
IPES2017-42-101,0,0,0
IPES2017-42-102,1,4,5
IPES2017-42-103,0,1,1
IPES2017-42-105,0,3,3
IPES2017-42-106,4,15,19
BCSI-201778-BR01,1,1,2
BCSI-201778-BR02,13,0,13
BCSI-201778-BR03,7,0,7
BCSI-201778-BR04,0,0,0
BCSI-201778-BR05,1,0,1
BCSI-201778-BR06,2,0,2
BCSI-201778-BR07,0,0,0
BCSI-201778-BR08,21,0,21
BCSI-201778-BR09,1,1,2
BCSI-201778-BR10,9,0,9
BCSI-201778-BR11,1,0,1
BCSI-201778-BR12,9,0,9
BCSI-201778-BR14,1,0,1
BCSI-201778-FH01,4,0,4
BCSI-201778-FH02,31,1,32
BCSI-201778-FH03,6,0,6
BCSI-201778-FH04,4,0,4
BCSI-201778-FH05,1,0,1
BCSI-201778-FH06,12,0,12
BCSI-201778-FH07,0,0,0
BCSI-201778-FH08,0,0,0
BCSI-201778-FH09,6,0,6
BCSI-201778-FH10,1,0,1
BCSI-201778-FH11,0,0,0
BCSI-201778-FH12,0,0,0
BCSI-201778-FH13,0,0,0
BCSI-201778-FH14,3,1,4
BCSI-201778-HP01,1,0,1
BCSI-201778-HP02,6,0,6
BCSI-201778-JS01,0,0,0
BCSI-201778-JS02,1,0,1
BCSI-201778-JS03,0,0,0
BCSI-201778-JS04,9,0,9
BCSI-201778-JS05,0,0,0
BCSI-201778-JS06,3,0,3
BCSI-201778-QCSD01,0,0,0
BCSI-201778-QCSD02,0,0,0
BCSI-201778-QCSD03,1,0,1
BCSI-201778-QCSD04,0,0,0
BCSI-201778-QCSD06,0,0,0
BCSI-201778-QCSD07,0,0,0
BCSI-201778-QCSD08,0,0,0
BCSI-201778-QCSD09,0,0,0
BCSI-201778-QCSD10,0,0,0
BCSI-201778-QCSD11,0,0,0
BCSI-201778-QCSD12,0,0,0
BCSI-201778-QCSD13,0,0,0
BCSI-201778-QCSD14,0,0,0
BCSI-201778-QCSD15,0,0,0
BCSI-201778-QCSD16,0,0,0
BCSI-201778-QCSD17,5,1,6
BCSI-201778-QCSD18,0,0,0
BCSI-201778-QCSD19,1,0,1
BCSI-201778-QCSD20,0,0,0
BCSI-201778-QCSD21,3,0,3
BCSI-201778-QCST01,2,0,2
BCSI-201778-QCST02,2,0,2
BCSI-201778-QCST04,0,0,0
BCSI-201778-QCST05,0,0,0
BCSI-201778-QCST06,0,0,0
BCSI-201778-QCST07,0,0,0
BCSI-201778-QCST08,3,0,3
BCSI-201778-QCST09,1,0,1
BCSI-201778-QCST10,1,0,1
BCSI-201778-QCST11,3,0,3
BCSI-201778-RI01,7,0,7
BCSI-201778-RI02,1,0,1
BCSI-201778-RI04,2,0,2
BCSI-201778-RI05,0,0,0
BCSI-201778-RI06,2,0,2
BCSI-201778-SS01,2,0,2
BCSI-201778-SS02,1,0,1
BCSI-201778-SS03,11,2,13
IPES2018-73-028,0,0,0
IPES2018-73-029,0,1,1
IPES2018-73-032,0,0,0
IPES2018-73-033,0,0,0
IPES2018-73-036,0,1,1
IPES2018-73-037,0,0,0
IPES2018-73-040,0,0,0
IPES2018-73-041,0,0,0
IPES2018-73-044,0,0,0
IPES2018-73-045,0,0,0
IPES2018-73-048,0,0,0
IPES2018-73-049,0,0,0
IPES2018-73-001,1,1,2
IPES2018-73-004,1,0,1
IPES2018-73-005,0,1,1
IPES2018-73-008,0,1,1
IPES2018-73-009,0,1,1
IPES2018-73-012,0,5,5
IPES2018-73-013,0,0,0
IPES2018-73-016,7,0,7
IPES2018-73-017,0,0,0
IPES2018-73-020,1,0,1
IPES2018-73-021,0,0,0
IPES2018-73-024,0,0,0
IPES2018-73-025,0,0,0
IPES2018-73-052,0,0,0
IPES2018-73-053,1,0,1
IPES2018-73-055,0,0,0
IPES2018-73-132,0,1,1
IPES2018-73-133,0,0,0
IPES2018-73-136,1,1,2
IPES2018-73-137,0,0,0
IPES2018-73-138,0,0,0
IPES2018-73-139,0,0,0
IPES2018-73-056,1,0,1
IPES2018-73-058,0,8,8
IPES2018-73-059,0,0,0
IPES2018-73-060,0,0,0
IPES2018-73-061,1,0,1
IPES2018-73-064,2,9,11
IPES2018-73-067,0,1,1
IPES2018-73-070,4,12,16
IPES2018-73-071,0,2,2
IPES2018-73-074,0,2,2
IPES2018-73-075,0,0,0
IPES2018-73-078,0,3,3
IPES2018-73-079,1,1,2
IPES2018-73-082,2,7,9
IPES2018-73-083,0,0,0
IPES2018-73-086,0,0,0
IPES2018-73-087,3,0,3
IPES2018-73-090,8,4,12
IPES2018-73-091,0,0,0
IPES2018-73-094,0,2,2
IPES2018-73-095,0,0,0
IPES2018-73-098,0,0,0
IPES2018-73-099,0,1,1
IPES2018-73-102,0,1,1
IPES2018-73-103,0,0,0
IPES2018-73-106,0,0,0
IPES2018-73-109,0,0,0
IPES2018-73-112,0,0,0
IPES2018-73-113,0,0,0
IPES2018-73-115,0,0,0
IPES2018-73-117,0,0,0
IPES2018-73-119,0,0,0
IPES2018-73-122,1,1,2
IPES2018-73-125,0,4,4
IPES2018-73-126,0,30,30
IPES2018-73-127,0,2,2
IPES2018-73-128,0,2,2
IPES2018-73-129,0,0,0
IPES2018-73-142,0,0,0
IPES2018-73-145,2,1,3
IPES2018-73-148,1,0,1
IPES2018-73-149,0,1,1
IPES2018-73-150,0,0,0
IPES2018-73-151,0,0,0
IPES2018-73-154,1,0,1
IPES2018-73-157,0,1,1
IPES2018-73-160,0,0,0
IPES2018-73-161,0,1,1
IPES2018-73-162,0,0,0
IPES2018-73-163,0,0,0
IPES2018-73-166,1,6,7
IPES2018-73-169,0,1,1
IPES2018-73-172,0,0,0
IPES2018-73-173,0,3,3
IPES2018-73-174,0,0,0
IPES2018-73-175,0,0,0
IPES2018-73-178,0,0,0
IPES2018-73-181,0,0,0
IPES2018-73-184,0,5,5
IPES2018-73-185,0,0,0
IPES2018-73-186,0,0,0
IPES2018-73-187,0,0,0
IPES2018-73-190,0,0,0
IPES2018-73-193,0,1,1
IPES2018-73-196,0,13,13
IPES2018-73-197,0,2,2
IPES2018-73-198,0,4,4
BCSI-201893-JS01,4,0,4
BCSI-201893-JS02,1,0,1
BCSI-201893-JS03,0,0,0
BCSI-201893-JS04,1,0,1
BCSI-201893-QCSD01,16,1,17
BCSI-201893-QCSD02,2,0,2
BCSI-201893-QCSD03,0,1,1
BCSI-201893-QCSD04,0,3,3
BCSI-201893-QCSD05,1,1,2
BCSI-201893-QCSD06,2,4,6
BCSI-201893-QCSD07,3,3,6
BCSI-201893-QCSD08,0,0,0
BCSI-201893-QCSD09,8,8,16
BCSI-201893-QCSD10,5,3,8
BCSI-201893-QCSD11,1,0,1
BCSI-201893-QCSD12,1,3,4
BCSI-201893-QCST01,5,30,35
BCSI-201893-QCST02,0,1,1
BCSI-201893-QCST03,0,1,1
BCSI-201893-QCST05,2,2,4
BCSI-201893-QCST06,0,0,0
BCSI-201893-QCST07,1,0,1
BCSI-201893-QCST08,0,0,0
BCSI-201893-QCST09,0,0,0
BCSI-201893-QCST10,0,0,0
BCSI-201893-QCST11,0,0,0
BCSI-201893-QCST12,0,0,0
IPES2019-124-038,0,1,1
IPES2019-124-039,0,0,0
IPES2019-124-042,0,0,0
IPES2019-124-045,0,0,0
IPES2019-124-048,0,0,0
IPES2019-124-049,0,0,0
IPES2019-124-050,1,0,1
IPES2019-124-051,0,0,0
IPES2019-124-052,0,1,1
IPES2019-124-053,0,0,0
IPES2019-124-056,0,0,0
IPES2019-124-001,1,0,1
IPES2019-124-002,1,0,1
IPES2019-124-003,2,0,2
IPES2019-124-006,0,0,0
IPES2019-124-007,1,0,1
IPES2019-124-009,0,1,1
IPES2019-124-010,0,0,0
IPES2019-124-013,3,1,4
IPES2019-124-017,4,3,7
IPES2019-124-018,1,3,4
IPES2019-124-019,0,3,3
IPES2019-124-022,0,0,0
IPES2019-124-023,1,2,3
IPES2019-124-026,0,0,0
IPES2019-124-027,1,1,2
IPES2019-124-028,0,0,0
IPES2019-124-029,0,0,0
IPES2019-124-030,0,1,1
IPES2019-124-033,0,1,1
IPES2019-124-036,0,0,0
IPES2019-124-037,0,0,0
IPES2019-124-059,1,0,1
IPES2019-124-062,0,0,0
IPES2019-124-063,0,0,0
IPES2019-124-064,0,0,0
IPES2019-124-065,0,0,0
IPES2019-124-068,0,1,1
IPES2019-124-069,1,0,1
IPES2019-124-072,0,0,0
IPES2019-124-073,2,0,2
IPES2019-124-074,2,0,2
IPES2019-124-075,2,0,2
IPES2019-124-078,0,1,1
IPES2019-124-081,2,0,2
IPES2019-124-084,0,0,0
IPES2019-124-085,0,0,0
IPES2019-124-086,0,0,0
IPES2019-124-087,5,0,5
IPES2019-124-088,0,3,3
IPES2019-124-091,1,1,2
IPES2019-124-094,0,0,0
IPES2019-124-095,0,0,0
IPES2019-124-096,0,0,0
IPES2019-124-097,1,2,3
IPES2019-124-100,1,6,7
IPES2019-124-103,0,2,2
IPES2019-124-106,0,0,0
IPES2019-124-107,0,1,1
IPES2019-124-108,1,7,8
IPES2019-124-109,8,9,17
IPES2019-124-112,0,1,1
IPES2019-124-113,4,4,8
IPES2019-124-116,0,5,5
IPES2019-124-117,15,0,15
IPES2019-124-118,6,3,9
IPES2019-124-119,0,0,0
IPES2019-124-122,0,0,0
IPES2019-124-125,0,1,1
IPES2019-124-128,0,0,0
IPES2019-124-129,0,0,0
IPES2019-124-130,0,0,0
IPES2019-124-131,5,3,8
IPES2019-124-134,0,17,17
IPES2019-124-137,0,16,16
IPES2019-124-138,1,1,2
IPES2019-124-139,0,0,0
IPES2019-124-142,0,0,0
IPES2019-124-145,0,0,0
IPES2019-124-148,0,0,0
IPES2019-124-149,0,1,1
IPES2019-124-150,0,0,0
IPES2019-124-151,0,2,2
IPES2019-124-154,2,0,2
IPES2019-124-157,2,1,3
IPES2019-124-160,0,0,0
IPES2019-124-161,0,0,0
IPES2019-124-162,0,1,1
IPES2019-124-163,0,0,0
IPES2019-124-166,0,0,0
IPES2019-124-169,1,6,7
IPES2019-124-172,0,1,1
IPES2019-124-173,0,0,0
IPES2019-124-174,0,0,0
IPES2019-124-175,0,0,0
IPES2019-124-238,0,0,0
IPES2019-124-239,0,0,0
IPES2019-124-242,0,0,0
IPES2019-124-178,0,0,0
IPES2019-124-183,0,0,0
IPES2019-124-184,0,0,0
IPES2019-124-185,1,1,2
IPES2019-124-188,0,0,0
IPES2019-124-191,0,0,0
IPES2019-124-194,0,1,1
IPES2019-124-195,0,0,0
IPES2019-124-196,0,1,1
IPES2019-124-197,0,0,0
IPES2019-124-200,0,0,0
IPES2019-124-201,0,0,0
IPES2019-124-202,0,0,0
IPES2019-124-203,0,0,0
IPES2019-124-204,0,0,0
IPES2019-124-205,0,0,0
IPES2019-124-208,0,0,0
IPES2019-124-211,2,0,2
IPES2019-124-214,0,4,4
IPES2019-124-215,0,1,1
IPES2019-124-216,0,0,0
IPES2019-124-217,0,0,0
IPES2019-124-220,0,3,3
IPES2019-124-223,8,6,14
IPES2019-124-226,0,0,0
IPES2019-124-227,0,2,2
IPES2019-124-228,0,0,0
IPES2019-124-229,0,1,1
IPES2019-124-232,0,0,0
IPES2019-124-233,0,0,0
IPES2019-124-236,0,0,0
IPES2019-124-237,0,2,2
IPES2019-124-245,0,0,0
IPES2019-124-246,0,0,0
IPES2019-124-247,0,1,1
IPES2019-124-248,0,0,0
IPES2019-124-251,0,0,0
IPES2019-124-252,0,0,0
IPES2019-124-255,0,0,0
IPES2019-124-256,0,1,1
IPES2019-124-257,0,0,0
IPES2019-124-258,0,1,1
IPES2019-124-261,1,1,2
IPES2019-124-264,0,12,12
IPES2019-124-267,0,12,12
IPES2019-124-268,0,0,0
BCSI-2019125-BR01,24,0,24
BCSI-2019125-BR02,1,0,1
BCSI-2019125-BR03,8,0,8
BCSI-2019125-BR04,1,0,1
BCSI-2019125-BR05,0,0,0
BCSI-2019125-JS01,12,0,12
BCSI-2019125-JS02,5,0,5
BCSI-2019125-JS03,1,0,1
BCSI-2019125-JS04,1,0,1
BCSI-2019125-JS05,2,0,2
BCSI-2019125-JS06,1,0,1
BCSI-2019125-JS07,0,0,0
BCSI-2019125-JS08,1,0,1
BCSI-2019125-KI01,0,0,0
BCSI-2019125-KI02,5,0,5
BCSI-2019125-QCSD01,0,0,0
BCSI-2019125-QCSD02,0,1,1
BCSI-2019125-QCSD03,2,0,2
BCSI-2019125-QCSD04,1,0,1
BCSI-2019125-QCSD05,0,0,0
BCSI-2019125-QCST01,1,0,1
BCSI-2019125-QCST02,3,0,3
BCSI-2019125-QCST03,0,0,0
BCSI-2019125-QCST04,2,0,2
BCSI-2019125-QCST05,0,0,0
BCSI-2019125-QCST06,0,0,0
BCSI-2019125-QCST07,0,0,0
BCSI-2019125-QCST08,1,0,1
BCSI-2019125-QCST09,1,0,1
BCSI-2019125-RI01,1,0,1
BCSI-2019125-T01,1,0,1
BCSI-2019125-T02,0,0,0
BCSI-2019125-T03,0,0,0
BCSI-2019125-T04,0,0,0
BCSI-2019125-T05,0,0,0
BCSI-2019125-T06,0,0,0
BCSI-2020017-CS01,0,0,0
BCSI-2020017-CS08,0,0,0
BCSI-2020017-DE01,0,0,0
BCSI-2020017-DE03,0,0,0
BCSI-2020017-DE04,0,0,0
BCSI-2020017-DE07,0,0,0
BCSI-2020017-DE08,0,0,0
BCSI-2020017-DE09,0,0,0
BCSI-2020017-H01,0,0,0
BCSI-2020017-H02,1,0,1
BCSI-2020017-HN01,0,0,0
BCSI-2020017-HN02,0,0,0
BCSI-2020017-HN03,0,0,0
BCSI-2020017-HN04,0,0,0
BCSI-2020017-HS01,0,0,0
BCSI-2020017-HS02,0,0,0
BCSI-2020017-HS03,0,0,0
BCSI-2020017-Mason53,0,0,0
BCSI-2020017-MT08,0,0,0
BCSI-2020017-QCSD01,0,0,0
BCSI-2020017-QCSD02,0,0,0
BCSI-2020017-T01,0,0,0
IPES2021-033-001,0,0,0
IPES2021-033-004,7,1,8
IPES2021-033-005,0,0,0
IPES2021-033-006,0,0,0
IPES2021-033-007,0,0,0
IPES2021-033-010,0,0,0
BCSI2021-034-003,1,0,1
BCSI2021-034-004,2,0,2
BCSI2021-034-007,0,0,0
BCSI2021-034-008,0,0,0
BCSI2021-034-011,0,0,0
BCSI2021-034-012,0,0,0
BCSI2021-034-015,0,0,0
BCSI2021-034-016,0,0,0
BCSI2021-034-017,0,0,0
BCSI2021-034-020,0,0,0
BCSI2021-034-023,1,0,1
BCSI2021-034-024,2,0,2
BCSI2021-034-027,0,0,0
BCSI2021-034-030,18,0,18
BCSI2021-034-031,28,0,28
BCSI2021-034-034,4,0,4
BCSI2021-034-037,0,0,0
BCSI2021-034-040,0,0,0
BCSI2021-034-043,0,0,0
BCSI2021-034-047,11,0,11
BCSI2021-034-048,65,0,65
BCSI2021-034-051,12,0,12
BCSI2021-034-054,41,0,41
BCSI2021-034-055,45,0,45
BCSI2021-034-056,72,1,73
BCSI2021-034-059,71,0,71
BCSI2021-034-062,44,0,44
BCSI2021-034-063,13,0,13
BCSI2021-034-064,2,0,2
BCSI2021-034-067,1,0,1
BCSI2021-034-068,0,0,0
BCSI2021-034-070,5,0,5
BCSI2021-034-071,3,0,3
BCSI2021-034-076,26,0,26
BCSI2021-034-077,28,0,28
BCSI2021-034-080,7,0,7
BCSI2021-034-083,0,0,0
BCSI2021-034-084,0,0,0
BCSI2021-034-087,1,0,1
BCSI2021-034-088,0,0,0
BCSI2021-034-091,9,0,9
BCSI2021-034-094,50,0,50
BCSI2021-034-095,52,0,52
BCSI2021-034-098,2,0,2
BCSI2021-034-099,0,0,0
BCSI2021-034-101,0,0,0
BCSI2021-034-104,0,0,0
BCSI2021-034-107,7,3,10
BCSI2021-034-108,94,29,123
BCSI2021-034-111,6,1,7
BCSI2021-034-112,1,0,1
BCSI2021-034-115,1,0,1
NA,0,0,0
HS0395-001,0,0,0
HS0395-002,0,0,0
HS0395-003,0,0,0
HS0395-004,0,0,0
HS0395-005,0,0,0
HS0395-006,0,0,0
HS0395-007,0,0,0
HS0395-008,0,0,0
HS0395-009,0,0,0
HS0395-010,0,0,0
HS0395-011,0,0,0
HS0395-012,0,0,0
HS0395-013,0,0,0
HS0395-014,0,0,0
HS0395-015,0,0,0
HS0395-016,0,0,0
HS0395-017,0,0,0
HS0395-018,0,0,0
HS0395-019,0,0,0
HS0395-020,0,0,0
HS0395-021,0,0,0
HS0395-022,0,0,0
HS0395-023,0,0,0
HS0395-024,0,0,0
HS0395-025,0,0,0
HS0395-026,0,0,0
HS0395-027,0,0,0
HS0395-028,0,0,0
HS0395-029,0,0,0
HS0395-030,0,0,0
HS0395-031,0,0,0
HS0395-032,0,0,0
HS0395-033,0,0,0
HS0395-034,0,0,0
HS0395-035,0,0,0
HS0395-036,0,0,0
HS0395-037,0,0,0
HS0395-038,0,0,0
HS0395-039,0,0,0
HS0395-040,0,0,0
HS0395-041,0,0,0
HS0395-042,0,0,0
HS0395-043,0,0,0
HS0395-044,0,0,0
HS1096-017,0,0,0
HS1096-018,0,0,0
HS1096-019,0,0,0
HS1096-020,0,0,0
HS1096-001,1,0,1
HS1096-002,0,0,0
HS1096-003,0,0,0
HS1096-004,0,0,0
HS1096-005,1,0,1
HS1096-006,3,1,4
HS1096-007,0,0,0
HS1096-008,0,0,0
HS1096-009,0,0,0
HS1096-010,0,0,0
HS1096-011,0,0,0
HS1096-012,0,0,0
HS1096-013,0,0,0
HS1096-014,0,0,0
HS1096-015,0,0,0
HS1096-016,0,0,0
HS1096-021,0,0,0
HS1096-022,0,0,0
HS1096-023,0,0,0
HS1096-024,0,0,0
HS1096-025,0,0,0
HS1096-026,0,0,0
HS1096-027,0,0,0
HS1096-028,0,0,0
HS1096-029,0,0,0
HS1096-030,0,0,0
HS1096-031,0,0,0
HS1096-032,0,0,0
HS1096-033,0,0,0
HS1096-034,0,0,0
HS1096-036,0,0,0
HS1096-037,0,0,0
HS1096-038,0,0,0
HS1096-039,0,0,0
HS1096-040,0,0,0
HS1096-041,0,0,0
HS1096-042,0,0,0
HS1096-044,0,0,0
HS1096-045,0,0,0
HS1096-046,0,0,0
HS1096-047,0,0,0
HS1096-048,0,0,0
HS1096-049,0,0,0
HS1096-050,0,0,0
HS1096-051,0,0,0
HS1096-052,0,0,0
HS1096-053,0,0,0
HS1096-054,0,0,0
HS1096-055,0,0,0
HS1096-056,0,0,0
HS1096-057,0,0,0
HS1096-058,2,0,2
HS1096-059,0,0,0
HS1096-060,0,0,0
HS1096-061,0,0,0
HS1096-062,1,0,1
HS1096-063,0,0,0
HS1096-064,1,1,2
HS1096-065,0,0,0
HS1096-066,1,0,1
HS1096-072,0,0,0
HS1096-073,0,0,0
HS1096-074,0,0,0
HS1096-075,0,0,0
HS1096-076,0,0,0
HS1096-077,0,0,0
HS1096-084,0,0,0
HS1096-085,0,0,0
HS1096-086,0,0,0
HS1096-087,0,0,0
HS1096-088,0,0,0
HS1096-089,0,0,0
HS9705-054,0,0,0
HS9705-055,0,0,0
HS9705-056,0,0,0
HS9705-057,0,0,0
HS9705-058,0,0,0
HS9705-061,0,0,0
HS9705-062,0,0,0
HS9705-063,0,0,0
HS9705-064,0,0,0
HS9705-065,0,0,0
HS9705-068,0,0,0
HS9705-069,0,0,0
HS9705-002,0,0,0
HS9705-003,0,0,0
HS9705-004,0,0,0
HS9705-005,0,0,0
HS9705-011,0,0,0
HS9705-012,0,0,0
HS9705-013,0,0,0
HS9705-014,0,0,0
HS9705-017,0,0,0
HS9705-018,0,0,0
HS9705-019,0,0,0
HS9705-020,0,0,0
HS9705-021,0,0,0
HS9705-022,0,0,0
HS9705-025,0,0,0
HS9705-027,0,0,0
HS9705-028,0,0,0
HS9705-031,1,0,1
HS9705-032,1,0,1
HS9705-033,0,0,0
HS9705-034,0,0,0
HS9705-036,0,0,0
HS9705-037,0,0,0
HS9705-041,1,0,1
HS9705-042,0,0,0
HS9705-043,0,0,0
HS9705-044,0,0,0
HS9705-045,0,0,0
HS9705-047,0,0,0
HS9705-048,0,0,0
HS9705-049,0,0,0
HS9705-050,0,0,0
HS9705-053,0,0,0
HS9705-074,0,0,0
HS9705-076,0,0,0
HS9705-077,0,0,0
HS9705-078,0,0,0
NA,0,0,0
HS9735-001,0,0,0
HS9735-002,0,0,0
HS9735-003,0,0,0
HS9735-004,0,0,0
HS9735-005,0,0,0
HS9735-006,0,0,0
HS9735-007,0,0,0
HS9735-008,0,0,0
HS9735-009,0,0,0
HS9735-010,0,0,0
HS9735-011,0,0,0
HS9735-012,0,0,0
HS9735-013,0,0,0
HS9735-014,0,0,0
HS9735-015,0,0,0
HS9735-016,0,0,0
HS9735-017,0,0,0
HS9735-018,0,0,0
HS9735-019,0,0,0
HS9735-020,0,0,0
HS9735-021,0,0,0
HS9735-022,0,0,0
HS9735-023,0,0,0
HS9735-024,0,0,0
HS9735-025,0,0,0
HS9735-026,0,0,0
HS9735-027,0,0,0
HS9735-028,0,0,0
HS9735-029,0,0,0
HS9735-030,0,0,0
HS9735-031,0,0,0
HS9735-032,0,0,0
HS9735-033,0,0,0
HS9735-034,0,0,0
HS9735-035,0,0,0
HS9735-036,0,0,0
HS9735-037,0,2,2
HS9735-038,0,0,0
HS9735-039,0,0,0
HS9735-040,0,0,0
HS9735-041,0,0,0
HS9735-042,0,0,0
HS9735-043,0,0,0
HS9735-044,0,0,0
HS9735-045,0,0,0
HS9735-046,0,0,0
HS9735-047,0,0,0
HS9735-048,0,0,0
HS9735-049,1,0,1
HS9735-050,3,0,3
HS9735-051,0,0,0
HS9735-052,0,0,0
HS9735-053,0,0,0
HS9735-054,0,0,0
HS9735-055,0,0,0
HS9735-056,0,0,0
HS9735-057,0,0,0
HS9735-058,0,0,0
HS9735-059,0,0,0
HS9735-060,0,0,0
HS9735-061,0,0,0
HS9735-062,0,0,0
HS9735-063,0,0,0
HS9735-064,0,0,0
HS9735-065,0,0,0
HS9735-066,0,0,0
HS9735-067,0,0,0
HS9735-068,0,0,0
HS9735-069,0,0,0
HS9735-070,0,0,0
HS9816-001,9,0,9
HS9816-002,5,1,6
HS9816-004,4,0,4
HS9816-008,0,1,1
HS9816-010,1,0,1
HS9816-011,0,2,2
HS9816-012,24,5,29
HS9816-013,28,3,31
HS9816-014,4,2,6
HS9816-015,0,1,1
HS9816-016,1,0,1
HS9816-017,1,0,1
HS9816-018,1,0,1
HS9816-019,2,2,4
HS9816-020,0,0,0
HS9816-021,0,1,1
HS9816-022,0,2,2
HS9816-023,0,0,0
HS9816-024,0,0,0
HS9816-025,0,0,0
HS9816-026,0,0,0
HS9816-027,0,0,0
HS9816-028,1,0,1
HS9816-029,0,0,0
HS9816-030,0,0,0
HS9817-B01,0,0,0
HS9817-B02,0,0,0
HS9817-B03,0,0,0
HS9817-B04,0,0,0
HS9817-B05,0,0,0
HS9817-B06,0,0,0
HS9817-B07,0,0,0
HS9817-B08,0,0,0
HS9817-B09,0,0,0
HS9817-D01,0,0,0
HS9817-D02,0,0,0
HS9817-D03,0,0,0
HS9817-D04,0,0,0
HS9817-D05,0,0,0
HS9817-D06,0,0,0
HS9817-D07,0,0,0
HS9817-D08,0,0,0
HS9817-D09,0,0,0
HS9817-D10,0,0,0
HS9817-H01,0,0,0
HS9817-H02,0,0,0
HS9817-H03,0,0,0
HS9817-H04,0,0,0
HS9817-H05,0,0,0
HS9817-H06,0,0,0
HS9817-H07,0,0,0
HS9817-H08,0,0,0
HS9817-J01,4,0,4
HS9817-J02,1,0,1
HS9817-J03,0,1,1
HS9817-M01,0,0,0
HS9817-M02,0,0,0
HS9817-M03,0,0,0
HS9817-M04,0,0,0
HS9817-T01,0,0,0
HS9817-T02,0,0,0
HS9817-T03A,0,0,0
HS9817-T03B,0,0,0
HS9817-T04A,0,2,2
HS9817-T04B,0,0,0
HS9817-T05,0,0,0
HS9817-T06,0,0,0
HS9817-T07,0,0,0
HS9817-T08,0,0,0
HS9817-T09,0,0,0
HS9817-T10,0,0,0
HS9817-T11,0,0,0
HS9817-T12,0,0,0
HS9817-T13,0,0,0
HS9818-B01,0,0,0
HS9818-B02,0,0,0
HS9818-B03,0,0,0
HS9818-CS1,0,0,0
HS9818-CS2,0,0,0
HS9818-D01,0,0,0
HS9818-D02,0,0,0
HS9818-D03,0,0,0
HS9818-D04,0,0,0
HS9818-H01,0,0,0
HS9818-H02,0,0,0
HS9818-H03,0,0,0
HS9818-H04,0,0,0
HS9818-H05,0,0,0
HS9818-H06,0,0,0
HS9818-H07,0,0,0
HS9818-J01,0,0,0
HS9818-T01,1,3,4
HS9818-T02,0,0,0
HS9818-T03,0,0,0
HS9818-T04,0,0,0
HS9818-T05,0,1,1
HS9818-T06,0,0,0
HS9818-T07,0,0,0
HS9818-T08,0,0,0
HS9818-T09,0,0,0
HS9818-T13,0,0,0
HS9818-X01,9,0,9
HS9818-X02,2,0,2
HS9818-X03,0,0,0
HS9819-B01,0,0,0
HS9819-B02,0,0,0
HS9819-B03,0,0,0
HS9819-B04,0,0,0
HS9819-B05,0,0,0
HS9819-B06,0,0,0
HS9819-B07,0,0,0
HS9819-B08,0,0,0
HS9819-B09,0,0,0
HS9819-D01,0,0,0
HS9819-D02,0,0,0
HS9819-D03,0,0,0
HS9819-D04,1,0,1
HS9819-D06,0,0,0
HS9819-D07,0,0,0
HS9819-D08,0,0,0
HS9819-D09,0,0,0
HS9819-D11,0,0,0
HS9819-D13,0,0,0
HS9819-R083,0,0,0
HS9819-R084,0,0,0
HS9819-R085,4,1,5
HS9819-R086,0,0,0
HS9819-R087,0,0,0
HS9819-R088,0,0,0
HS9819-R089,0,0,0
HS9819-T05,0,0,0
HS9819-T06,0,0,0
HS9819-T07,0,0,0
HS9819-T08,0,0,0
HS9819-R090,0,0,0
HS9819-R091,19,0,19
HS9819-R092,5,0,5
HS9819-R093,0,0,0
HS9819-R094,0,0,0
HS9819-R095,0,0,0
HS9819-R096,0,0,0
HS9819-R097,0,0,0
HS9819-R098,40,0,40
HS9819-R099,0,0,0
HS9819-R100,0,0,0
HS9819-R101,0,0,0
HS9819-R102,0,0,0
HS9819-R103,0,0,0
HS9819-R104,0,0,0
HS9819-R105,1,0,1
HS9819-R106,0,0,0
HS9819-R107,2,0,2
HS9819-R108,0,0,0
HS9819-R109,0,0,0
HS9819-R110,0,0,0
HS9819-R111,0,0,0
HS9819-R112,0,0,0
HS9819-R113,0,0,0
HS9819-T01,0,0,0
HS9819-T02,0,0,0
HS9819-T03,0,0,0
HS9819-T04,0,0,0
HS9913-B01,0,0,0
HS9913-B02,1,0,1
HS9913-B03,2,0,2
HS9913-B04,4,1,5
HS9913-B05,0,0,0
HS9913-B06,0,0,0
HS9913-B07,0,0,0
HS9913-B08,0,1,1
HS9913-B09,0,0,0
HS9913-B10,0,0,0
HS9913-BS01,0,1,1
HS9913-C01,11,2,13
HS9913-C02,8,1,9
HS9913-C03,7,0,7
HS9913-C04,5,0,5
HS9913-C05,0,2,2
HS9913-C06,0,0,0
HS9913-D01,1,1,2
HS9913-D02,0,0,0
HS9913-D03,1,1,2
HS9913-D04,0,0,0
HS9913-D05,0,0,0
HS9913-D06,0,0,0
HS9913-D07,0,0,0
HS9913-D08,0,0,0
HS9913-FINLY,1,1,2
HS9913-J01,0,1,1
HS9913-QCS01,0,0,0
HS9913-STIKINE01,0,1,1
HS9913-STIKINE02,0,0,0
HS9913-SUMNER01,0,0,0
HS9913-SUMNER02,0,1,1
HS9913-SUMNER03,2,0,2
HS9913-SUMNER04,1,1,2
HS9913-SUMNER05,0,0,0
HS9913-T01,0,0,0
HS9913-T02,1,0,1
HS9913-T03,0,0,0
HS9913-T04,0,0,0
HS9913-T05,0,0,0
HS9913-T06,0,0,0
HS9913-T07,0,1,1
HS9913-T08,0,0,0
HS9913-T09,1,0,1
HS9913-T10,0,0,0
HS9913-T11,0,0,0
HS9913-VI01,2,1,3
HS9913-VI02,4,2,6
HS9913-VI03,1,0,1
HS9913-VI04,9,0,9
HS9913-VI05,0,0,0
HS9913-WHALE01,8,0,8
HS9913-X01,13,3,16
HS9913-X02,10,7,17
HS9913-X03,23,2,25
HS9913-X04,5,3,8
HS9913-X05,1,0,1
HS9913-X06,0,0,0
HS9913-X07,0,0,0
HS9914-C01,26,0,26
HS9914-C02,34,1,35
HS9914-C03,13,0,13
HS9914-C04,19,0,19
HS9914-C05,2,0,2
HS9914-C06,7,0,7
HS9914-C07,5,0,5
HS9914-C08,0,0,0
HS9914-C09,3,0,3
HS9914-C10,0,0,0
HS9914-C11,0,0,0
HS9914-C12,0,0,0
HS9914-D01,0,0,0
HS9914-D02,0,0,0
HS9914-D03,0,0,0
HS9914-D04,0,0,0
HS9914-D05,0,0,0
HS9914-D06,0,0,0
HS9914-D07,0,0,0
HS9914-D08,0,1,1
HS9914-D09,0,0,0
HS9914-D10,0,0,0
HS9914-D11,0,0,0
HS9914-T01,0,0,0
HS9914-T02,0,1,1
HS9914-T03,0,0,0
HS9914-T04,0,0,0
HS9914-T05,0,0,0
HS9914-T06,3,0,3
HS9914-T07,17,0,17
HS9914-T08,0,0,0
HS9914-T09,0,0,0
HS9914-T0A,0,0,0
HS9914-T0B,0,0,0
HS9914-T10,0,0,0
HS9914-T11,0,0,0
HS9914-X01,0,0,0
HS9914-X02,4,0,4
HS9914-X03,11,1,12
HS9914-X04,5,0,5
HS9914-X05,2,0,2
HS9914-X06,6,0,6
HS9914-X07,9,1,10
HS9938-AB01,4,1,5
HS9938-B01,0,0,0
HS9938-B02,0,1,1
HS9938-B03,0,0,0
HS9938-B04,0,0,0
HS9938-B05,0,0,0
HS9938-B06,0,0,0
HS9938-B07,0,0,0
HS9938-B08,0,0,0
HS9938-B1.5,0,0,0
HS9938-B2.5,1,0,1
HS9938-C01,2,1,3
HS9938-C02,6,5,11
HS9938-C03,1,2,3
HS9938-C04,0,0,0
HS9938-C05,0,0,0
HS9938-C06,0,0,0
HS9938-C07,0,0,0
HS9938-C08,0,0,0
HS9938-DB01,1,0,1
HS9938-FI01,2,0,2
HS9938-FI05,0,0,0
HS9938-FI10,1,0,1
HS9938-FI15,0,0,0
HS9938-FI2.5,0,0,0
HS9938-FI20,1,0,1
HS9938-FI25,0,0,0
HS9938-FI30,0,0,0
HS9938-FI35,0,0,0
HS9938-FI40,0,0,0
HS9938-FI48,0,0,0
HS9938-FI58,0,0,0
HS9938-H01,0,0,0
HS9938-H02,0,0,0
HS9938-H03,0,0,0
HS9938-H04,0,0,0
HS9938-H05,0,0,0
HS9938-H06,0,0,0
HS9938-H07,0,0,0
HS9938-H08,0,0,0
HS9938-HH01,1,0,1
HS9938-HH03,2,0,2
HS9938-HH05,3,0,3
HS9938-HH10,3,5,8
HS9938-HH15,2,9,11
HS9938-HH20,0,0,0
HS9938-HH25,0,0,0
HS9938-HH30,0,0,0
HS9938-HH35,0,0,0
HS9938-K01,1,2,3
HS9938-K02,2,1,3
HS9938-K03,2,0,2
HS9938-K04,1,0,1
HS9938-K05,0,0,0
HS9938-K06,0,0,0
HS9938-K2.5,6,0,6
HS9938-K3.5,2,2,4
HS9938-QC01,0,0,0
HS9938-QC02,0,0,0
HS9938-QC03,0,0,0
HS9938-QC04,0,0,0
HS9938-QC05,0,0,0
HS9938-VI01,93,0,93
HS9938-VI02,2,0,2
HS9938-VI03,30,0,30
HS9938-VI04,33,5,38
HS9938-WA01,8,0,8
HS9938-WA02,3,0,3
HS9938-WA03,5,1,6
HS9938-WA04,9,0,9
HS9938-WA05,14,1,15
HSC1095-01,0,0,0
HSC1095-02,0,1,1
HSC1095-03,0,0,0
HSC1095-04,0,0,0
HSC1095-05,0,0,0
HSC1095-06,0,0,0
HSC1095-07,0,0,0
HSC1095-08,0,0,0
HSC1095-09,0,0,0
HSC1095-10,0,0,0
HSC1095-11,0,0,0
HSC1095-12,0,0,0
HSC1095-13,1,0,1
HSC1095-14,1,0,1
HSC1095-15,0,0,0
HSC1095-16,0,0,0
HSC1095-17,0,0,0
HSC1095-18,0,0,0
HSC1095-19,0,0,0
HSC1095-20,0,0,0
HSC1095-21,3,1,4
HSC1095-22,0,0,0
HSC1095-23,0,0,0
HSC1095-24,0,0,0
HSC1095-25,0,0,0
HSC1095-26,0,0,0
HSC1095-27,0,0,0
HSC1095-28,0,0,0
HSC1095-29,0,0,0
HSC1095-30,0,0,0
HSC1095-31,0,2,2
HSC1095-32,0,1,1
HSC1095-33,0,0,0
HSC1095-34,0,0,0
HSC1095-35,0,0,0
HSC1095-36,0,0,0
HSC1095-37,0,0,0
HSC1095-38,0,0,0
HSC1095-39,0,0,0
HSC1095-40,0,0,0
HSC1095-41,0,0,0
HSC1095-42,0,0,0
HSC1095-43,0,0,0
HSC1095-44,0,0,0
HSC1095-45,0,0,0
HSC1095-46,0,0,0
HSC1095-47,0,0,0
HSC1095-48,0,0,0
HSC1095-49,0,0,0
HSC1095-50,0,0,0
HSC1095-51,0,0,0
HSC1095-52,0,0,0
HSC1095-53,0,0,0
HSC1095-54,0,0,0
HSC1095-55,0,0,0
HSC1095-56,0,0,0
HSC1095-57,0,0,0
HSC1095-58,0,0,0
HSC1095-59,0,0,0
HSC1095-60,0,0,0
HSC1095-61,0,0,0
HSC1095-62,0,0,0
HSC1095-63,0,0,0
HSC1095-64,0,0,0
HSC1095-65,0,0,0
HSC1095-66,0,0,0
HSC1095-67,0,0,0
HSC1095-68,0,0,0
NA,0,0,0
NA,0,0,0
NA,0,0,0
NA,0,0,0
IYS2022-002-009,0,0,0
IYS2022-002-013,0,0,0
IYS2022-002-017,0,0,0
IYS2022-002-021,0,0,0
IYS2022-002-025,0,0,0
IYS2022-002-029,0,0,0
IYS2022-002-033,0,0,0
IYS2022-002-037,0,0,0
IYS2022-002-041,0,0,0
IYS2022-002-045,0,0,0
IYS2022-002-049,0,0,0
IYS2022-002-050,0,0,0
IYS2022-002-054,0,0,0
IYS2022-002-059,0,0,0
IYS2022-002-063,0,0,0
IYS2022-002-069,0,0,0
IYS2022-002-073,0,0,0
IYS2022-002-077,0,0,0
IYS2022-002-081,0,0,0
IYS2022-002-085,0,0,0
IYS2022-002-089,0,0,0
IYS2022-002-093,0,0,0
IYS2022-002-097,0,0,0
IYS2022-002-101,0,0,0
IYS2022-002-106,0,0,0
IYS2022-002-110,0,0,0
IYS2022-002-114,0,0,0
IYS2022-002-118,0,0,0
IYS2022-002-125,0,0,0
IYS2022-002-127,0,0,0
IYS2022-002-134,0,0,0
IYS2022-002-139,0,0,0
IYS2022-002-143,0,0,0
IYS2022-002-148,0,0,0
NA,0,0,0
NA,0,0,0
NA,0,0,0
NA,0,0,0
NA,0,0,0
